2.061442968750000000e+05
2.077769843750000000e+05
2.084399375000000000e+05
2.072962500000000000e+05
2.084915000000000000e+05
2.089253750000000000e+05
2.144163593750000000e+05
2.097631250000000000e+05
2.233848281250000000e+05
2.220874062500000000e+05
2.117902343750000000e+05
2.128159218750000000e+05
2.128311718750000000e+05
2.110609218750000000e+05
2.180529375000000000e+05
2.202684062500000000e+05
2.088372031250000000e+05
2.308994531250000000e+05
2.277260468750000000e+05
2.186373593750000000e+05
2.182952343750000000e+05
2.121561093750000000e+05
2.116214531250000000e+05
2.127115468750000000e+05
2.102515781250000000e+05
2.115105937500000000e+05
2.120116093750000000e+05
2.094680156250000000e+05
2.101301250000000000e+05
2.102277343750000000e+05
2.120979062500000000e+05
2.091348750000000000e+05
2.069062812500000000e+05
2.136765937500000000e+05
2.110470781250000000e+05
2.169421093750000000e+05
2.123818593750000000e+05
2.136658750000000000e+05
2.152047656250000000e+05
2.153660312500000000e+05
2.244042343750000000e+05
2.158435312500000000e+05
2.229929531250000000e+05
2.169897343750000000e+05
2.203699218750000000e+05
2.167938906250000000e+05
2.161286093750000000e+05
2.170300156250000000e+05
2.180164843750000000e+05
2.154577031250000000e+05
2.155875156250000000e+05
2.128677812500000000e+05
2.130958906250000000e+05
2.135061718750000000e+05
2.141145781250000000e+05
2.143362968750000000e+05
2.146195781250000000e+05
2.134612968750000000e+05
2.129203906250000000e+05
2.117653281250000000e+05
2.138383906250000000e+05
2.138732187500000000e+05
2.151187343750000000e+05
2.156012812500000000e+05
2.129079531250000000e+05
2.103639375000000000e+05
2.132599062500000000e+05
2.110285312500000000e+05
2.119658750000000000e+05
2.158735312500000000e+05
2.145487343750000000e+05
2.339132343750000000e+05
2.372641250000000000e+05
2.142976875000000000e+05
2.121902187500000000e+05
2.169858593750000000e+05
2.121849375000000000e+05
2.144446250000000000e+05
2.176443593750000000e+05
2.127265156250000000e+05
2.188498750000000000e+05
2.128110000000000000e+05
2.144510468750000000e+05
2.144874375000000000e+05
2.143509375000000000e+05
2.130853281250000000e+05
2.121569531250000000e+05
2.142847500000000000e+05
2.076173750000000000e+05
2.115524062500000000e+05
2.108320468750000000e+05
2.120866718750000000e+05
2.110890156250000000e+05
2.100010625000000000e+05
2.105127187500000000e+05
2.100317968750000000e+05
2.063617500000000000e+05
2.117533437500000000e+05
2.083938125000000000e+05
2.082952343750000000e+05
2.098255625000000000e+05
2.106130937500000000e+05
2.096064218750000000e+05
2.075689218750000000e+05
2.090394687500000000e+05
2.078001250000000000e+05
2.071191562500000000e+05
2.066751875000000000e+05
2.087071562500000000e+05
2.081440000000000000e+05
2.092775468750000000e+05
2.075689218750000000e+05
2.076509843750000000e+05
2.074512343750000000e+05
2.065930625000000000e+05
2.082368125000000000e+05
2.081628750000000000e+05
2.077928750000000000e+05
2.062465468750000000e+05
2.083786250000000000e+05
2.068380000000000000e+05
2.050769843750000000e+05
2.063620156250000000e+05
2.058358593750000000e+05
2.065754375000000000e+05
2.060726093750000000e+05
2.032171562500000000e+05
2.069975312500000000e+05
2.056881875000000000e+05
2.049749687500000000e+05
2.028887187500000000e+05
2.047775000000000000e+05
2.080748281250000000e+05
2.061531093750000000e+05
2.063778125000000000e+05
2.057330468750000000e+05
2.074880625000000000e+05
2.045624843750000000e+05
2.058853281250000000e+05
2.065212656250000000e+05
2.071133906250000000e+05
2.070364843750000000e+05
2.047904218750000000e+05
2.026755312500000000e+05
2.064409843750000000e+05
2.045472968750000000e+05
2.070781250000000000e+05
2.028510468750000000e+05
2.033336250000000000e+05
2.040327343750000000e+05
2.039724687500000000e+05
2.042229531250000000e+05
2.071479687500000000e+05
2.030579843750000000e+05
2.037007343750000000e+05
2.033640312500000000e+05
2.024058281250000000e+05
2.037590937500000000e+05
2.072543437500000000e+05
2.049061406250000000e+05
2.054895000000000000e+05
2.051049531250000000e+05
2.024454531250000000e+05
2.055793125000000000e+05
2.057259375000000000e+05
2.015440937500000000e+05
2.046256875000000000e+05
2.015210625000000000e+05
2.068433750000000000e+05
2.051711093750000000e+05
2.035625937500000000e+05
2.044467500000000000e+05
2.048178750000000000e+05
2.025417031250000000e+05
2.034823125000000000e+05
2.038013125000000000e+05
2.038906718750000000e+05
2.031373750000000000e+05
2.024567187500000000e+05
2.024031093750000000e+05
2.040329531250000000e+05
2.040580937500000000e+05
2.030420156250000000e+05
2.027829062500000000e+05
2.036929375000000000e+05
2.032038281250000000e+05
2.040114375000000000e+05
2.041311875000000000e+05
2.048244218750000000e+05
2.024245781250000000e+05
2.028358906250000000e+05
2.029173437500000000e+05
2.056407812500000000e+05
2.019187187500000000e+05
2.041967500000000000e+05
2.020674062500000000e+05
2.045780468750000000e+05
2.031975312500000000e+05
2.030914531250000000e+05
2.032694062500000000e+05
2.033359375000000000e+05
2.041307187500000000e+05
2.036053906250000000e+05
2.032966093750000000e+05
2.039690468750000000e+05
2.040562187500000000e+05
2.037610312500000000e+05
2.024617968750000000e+05
2.034592031250000000e+05
2.036919375000000000e+05
2.036275468750000000e+05
2.014112031250000000e+05
2.019767031250000000e+05
2.017670937500000000e+05
1.996324375000000000e+05
2.025117031250000000e+05
2.020891875000000000e+05
2.010334375000000000e+05
2.031488125000000000e+05
2.033123906250000000e+05
2.012665781250000000e+05
2.007660781250000000e+05
2.030526718750000000e+05
2.011242031250000000e+05
2.012314531250000000e+05
2.033534375000000000e+05
2.041834375000000000e+05
2.037509687500000000e+05
2.041813750000000000e+05
2.009172656250000000e+05
2.020568437500000000e+05
2.039348437500000000e+05
2.026924062500000000e+05
2.025107031250000000e+05
2.001211406250000000e+05
2.033998906250000000e+05
1.999916875000000000e+05
2.023766406250000000e+05
2.035752343750000000e+05
2.014285468750000000e+05
2.016802812500000000e+05
2.035738593750000000e+05
2.036856406250000000e+05
2.028546406250000000e+05
2.016318437500000000e+05
2.004382656250000000e+05
2.035992656250000000e+05
2.032197968750000000e+05
2.032237656250000000e+05
2.025745781250000000e+05
2.009029687500000000e+05
2.027739375000000000e+05
2.017520468750000000e+05
2.039327500000000000e+05
2.018533437500000000e+05
2.042575937500000000e+05
2.017311250000000000e+05
1.996437187500000000e+05
2.016542656250000000e+05
2.020600625000000000e+05
2.017195156250000000e+05
2.022046562500000000e+05
2.032751875000000000e+05
2.038169531250000000e+05
2.034221406250000000e+05
2.042627187500000000e+05
2.023774375000000000e+05
2.027674375000000000e+05
2.019800468750000000e+05
2.023358593750000000e+05
1.986659062500000000e+05
2.025679062500000000e+05
2.022568906250000000e+05
2.028476406250000000e+05
2.012746562500000000e+05
2.031654218750000000e+05
2.016565937500000000e+05
2.021608906250000000e+05
2.019383125000000000e+05
2.031399218750000000e+05
2.036850625000000000e+05
2.015789843750000000e+05
2.004738437500000000e+05
2.026863125000000000e+05
2.046853906250000000e+05
2.021979375000000000e+05
2.002632968750000000e+05
2.009728593750000000e+05
2.042482968750000000e+05
2.020084375000000000e+05
2.025872812500000000e+05
2.034194218750000000e+05
2.002892343750000000e+05
2.008351718750000000e+05
2.035078593750000000e+05
1.998349687500000000e+05
2.026354375000000000e+05
2.022915937500000000e+05
2.050909375000000000e+05
2.029184687500000000e+05
2.004730625000000000e+05
1.999882656250000000e+05
2.011296093750000000e+05
2.030194531250000000e+05
2.007060781250000000e+05
2.028750625000000000e+05
2.019369375000000000e+05
2.007021718750000000e+05
2.006838281250000000e+05
2.011708437500000000e+05
2.005131875000000000e+05
2.028014375000000000e+05
2.024900468750000000e+05
2.023130468750000000e+05
2.021530625000000000e+05
2.031249375000000000e+05
2.017233906250000000e+05
2.032380468750000000e+05
2.015596250000000000e+05
2.011788125000000000e+05
1.993635312500000000e+05
2.002069218750000000e+05
2.027150468750000000e+05
2.043609687500000000e+05
2.030742343750000000e+05
2.009732187500000000e+05
2.005713437500000000e+05
2.017524062500000000e+05
2.018560468750000000e+05
2.020707968750000000e+05
2.001063593750000000e+05
2.025090625000000000e+05
2.010852343750000000e+05
2.015183281250000000e+05
2.038478906250000000e+05
2.013694531250000000e+05
2.016569531250000000e+05
2.014042343750000000e+05
2.018373906250000000e+05
2.006665156250000000e+05
2.023101562500000000e+05
2.038623906250000000e+05
2.017619062500000000e+05
2.024528125000000000e+05
2.034594687500000000e+05
2.027407343750000000e+05
2.008863750000000000e+05
2.015538593750000000e+05
2.035537812500000000e+05
2.023983125000000000e+05
2.011989843750000000e+05
2.017141718750000000e+05
2.022170000000000000e+05
2.019415937500000000e+05
2.046594531250000000e+05
2.023446406250000000e+05
2.020660781250000000e+05
2.012824062500000000e+05
2.023693593750000000e+05
2.011961250000000000e+05
2.008134218750000000e+05
2.022015000000000000e+05
2.023500937500000000e+05
2.039707656250000000e+05
2.014584062500000000e+05
2.010673906250000000e+05
2.035078906250000000e+05
2.003791875000000000e+05
2.010527187500000000e+05
2.012113750000000000e+05
2.011530000000000000e+05
1.997189531250000000e+05
2.014639531250000000e+05
2.030293750000000000e+05
2.035243125000000000e+05
2.031286562500000000e+05
2.002408125000000000e+05
2.020877500000000000e+05
2.020410000000000000e+05
2.014151406250000000e+05
2.019192500000000000e+05
2.004470312500000000e+05
2.021200000000000000e+05
2.011450000000000000e+05
1.992680000000000000e+05
2.026781250000000000e+05
2.034910625000000000e+05
2.026223906250000000e+05
2.024937187500000000e+05
2.014866250000000000e+05
2.030893906250000000e+05
2.020974687500000000e+05
2.004880156250000000e+05
2.016452500000000000e+05
2.018913593750000000e+05
2.021196875000000000e+05
2.000646406250000000e+05
2.016385156250000000e+05
2.017160156250000000e+05
2.029782500000000000e+05
2.022568750000000000e+05
2.019159531250000000e+05
2.022502343750000000e+05
2.030680937500000000e+05
2.013425468750000000e+05
2.017196406250000000e+05
1.993820156250000000e+05
2.017118125000000000e+05
2.002240000000000000e+05
2.003907031250000000e+05
2.015901562500000000e+05
2.010214687500000000e+05
2.013240000000000000e+05
1.998892187500000000e+05
1.991767187500000000e+05
2.008122187500000000e+05
2.008123437500000000e+05
2.033495000000000000e+05
2.023978437500000000e+05
2.020151562500000000e+05
2.013434843750000000e+05
2.034925781250000000e+05
1.998616250000000000e+05
2.033759218750000000e+05
2.016875625000000000e+05
2.035153750000000000e+05
2.024483906250000000e+05
2.014823437500000000e+05
1.999719062500000000e+05
2.020883281250000000e+05
2.019138281250000000e+05
2.016716875000000000e+05
2.005496406250000000e+05
2.026949062500000000e+05
2.014551875000000000e+05
2.025458125000000000e+05
2.027478750000000000e+05
2.017217031250000000e+05
2.015876250000000000e+05
2.026363281250000000e+05
2.011973593750000000e+05
2.014051093750000000e+05
2.012292187500000000e+05
1.999491718750000000e+05
1.991988281250000000e+05
2.033409218750000000e+05
2.007721718750000000e+05
2.012325000000000000e+05
1.989114375000000000e+05
2.034888437500000000e+05
2.005795312500000000e+05
1.998056718750000000e+05
2.018136875000000000e+05
2.002888125000000000e+05
1.986031250000000000e+05
2.022229687500000000e+05
2.005229375000000000e+05
2.002169062500000000e+05
1.996025781250000000e+05
2.016468125000000000e+05
2.026245781250000000e+05
2.008900156250000000e+05
2.037704531250000000e+05
2.002032812500000000e+05
2.009876562500000000e+05
2.025586093750000000e+05
2.015397968750000000e+05
2.004028437500000000e+05
2.007536093750000000e+05
2.020053125000000000e+05
1.997468281250000000e+05
1.991997343750000000e+05
2.001597656250000000e+05
2.025501250000000000e+05
1.991891250000000000e+05
2.018452187500000000e+05
2.027907968750000000e+05
2.019393750000000000e+05
1.998463593750000000e+05
2.000840000000000000e+05
2.011705781250000000e+05
2.018335937500000000e+05
2.029448281250000000e+05
1.999770625000000000e+05
2.002441406250000000e+05
2.010538281250000000e+05
2.001340468750000000e+05
1.994882031250000000e+05
2.016313281250000000e+05
2.011017187500000000e+05
2.015865000000000000e+05
1.997867968750000000e+05
2.026774687500000000e+05
2.015267812500000000e+05
1.995921562500000000e+05
2.013526093750000000e+05
2.020661875000000000e+05
2.015446250000000000e+05
2.008464687500000000e+05
2.030052500000000000e+05
2.034666875000000000e+05
2.010051875000000000e+05
2.027921562500000000e+05
2.006487031250000000e+05
2.008787343750000000e+05
2.008748593750000000e+05
2.022948281250000000e+05
2.031625625000000000e+05
2.021267968750000000e+05
2.013409531250000000e+05
2.017995937500000000e+05
1.983392343750000000e+05
2.000581250000000000e+05
2.006230625000000000e+05
1.983435000000000000e+05
2.001043593750000000e+05
2.004841562500000000e+05
2.007360781250000000e+05
2.021497031250000000e+05
2.023365312500000000e+05
2.025852187500000000e+05
2.030743593750000000e+05
2.000886250000000000e+05
2.004654531250000000e+05
2.010862031250000000e+05
2.001180781250000000e+05
2.019231718750000000e+05
2.003622343750000000e+05
2.013249687500000000e+05
2.025339375000000000e+05
2.023932968750000000e+05
2.027065000000000000e+05
2.006378281250000000e+05
2.044389843750000000e+05
2.000971875000000000e+05
2.014185781250000000e+05
2.021871093750000000e+05
2.003704531250000000e+05
2.029223281250000000e+05
2.026153906250000000e+05
2.025315937500000000e+05
2.018219218750000000e+05
2.015577187500000000e+05
2.014664843750000000e+05
2.010675000000000000e+05
2.006885625000000000e+05
2.023747968750000000e+05
2.005396250000000000e+05
2.032230000000000000e+05
2.039033750000000000e+05
2.018175312500000000e+05
2.005335468750000000e+05
2.009068593750000000e+05
2.007115468750000000e+05
2.004882500000000000e+05
2.031383437500000000e+05
2.002879531250000000e+05
2.016139531250000000e+05
2.017720625000000000e+05
2.014789375000000000e+05
2.012853437500000000e+05
2.010798750000000000e+05
2.030335312500000000e+05
2.020471562500000000e+05
2.014225000000000000e+05
2.002212968750000000e+05
2.023148593750000000e+05
1.999424218750000000e+05
2.001098593750000000e+05
2.000432968750000000e+05
2.042278125000000000e+05
2.024055937500000000e+05
2.007842031250000000e+05
2.010522812500000000e+05
2.021269062500000000e+05
1.998528437500000000e+05
2.031852343750000000e+05
2.019921406250000000e+05
2.010869218750000000e+05
2.028478906250000000e+05
2.014458593750000000e+05
1.985337500000000000e+05
2.023552187500000000e+05
2.019507343750000000e+05
2.021496250000000000e+05
2.025995937500000000e+05
2.037122500000000000e+05
2.008628281250000000e+05
2.020447031250000000e+05
2.009160312500000000e+05
2.017292656250000000e+05
2.023679531250000000e+05
2.010311093750000000e+05
2.018233437500000000e+05
2.014894687500000000e+05
2.023568125000000000e+05
2.015282343750000000e+05
2.011564531250000000e+05
2.026973906250000000e+05
2.011733437500000000e+05
2.014476718750000000e+05
2.017599531250000000e+05
2.012769687500000000e+05
2.007345781250000000e+05
2.008866718750000000e+05
2.033645781250000000e+05
1.978514218750000000e+05
2.017207500000000000e+05
2.024392968750000000e+05
2.019388593750000000e+05
2.008588281250000000e+05
2.014326093750000000e+05
2.000586250000000000e+05
2.008418750000000000e+05
2.015768437500000000e+05
2.030765000000000000e+05
2.041422031250000000e+05
2.021362500000000000e+05
2.011328906250000000e+05
2.007054375000000000e+05
2.026519375000000000e+05
1.990577187500000000e+05
2.011522500000000000e+05
2.034974218750000000e+05
2.010638906250000000e+05
2.015458750000000000e+05
2.012435000000000000e+05
2.001970781250000000e+05
2.008182343750000000e+05
2.005691250000000000e+05
2.009793281250000000e+05
2.021269531250000000e+05
2.027512656250000000e+05
2.011835156250000000e+05
2.019750156250000000e+05
2.004172500000000000e+05
2.026514687500000000e+05
2.001904218750000000e+05
2.012985781250000000e+05
2.005703750000000000e+05
2.010517187500000000e+05
2.010335937500000000e+05
1.997215156250000000e+05
2.005925000000000000e+05
2.010433906250000000e+05
2.032764843750000000e+05
2.035885625000000000e+05
2.000233593750000000e+05
2.011565312500000000e+05
2.010890625000000000e+05
2.009866093750000000e+05
2.028558437500000000e+05
1.985503125000000000e+05
2.023376562500000000e+05
2.021438125000000000e+05
2.011936250000000000e+05
2.006277656250000000e+05
2.009998906250000000e+05
2.015035937500000000e+05
2.014180156250000000e+05
2.017664531250000000e+05
2.012115625000000000e+05
1.973920156250000000e+05
2.003511093750000000e+05
2.025907812500000000e+05
1.990745625000000000e+05
2.005590781250000000e+05
2.020204531250000000e+05
2.008065781250000000e+05
2.015646250000000000e+05
2.020870312500000000e+05
2.020574843750000000e+05
2.021354843750000000e+05
2.004191406250000000e+05
2.015711406250000000e+05
2.010267656250000000e+05
2.007731875000000000e+05
2.024046875000000000e+05
2.001342812500000000e+05
2.022896562500000000e+05
1.995409531250000000e+05
2.001657968750000000e+05
2.014472968750000000e+05
2.020706562500000000e+05
2.010185156250000000e+05
2.005694687500000000e+05
2.016452656250000000e+05
1.990653750000000000e+05
2.022305625000000000e+05
2.035706718750000000e+05
2.014945000000000000e+05
1.992405312500000000e+05
2.009587031250000000e+05
2.020410468750000000e+05
2.037951875000000000e+05
2.029572187500000000e+05
1.995607031250000000e+05
2.030265625000000000e+05
2.025473750000000000e+05
2.010729375000000000e+05
2.019044843750000000e+05
2.017652968750000000e+05
2.008745156250000000e+05
2.024446406250000000e+05
2.017173437500000000e+05
2.015570781250000000e+05
2.031371718750000000e+05
2.013861875000000000e+05
2.021439375000000000e+05
2.008391406250000000e+05
2.006265468750000000e+05
2.024244375000000000e+05
2.005268281250000000e+05
2.015082968750000000e+05
2.017515937500000000e+05
2.004988593750000000e+05
2.001670625000000000e+05
2.002220781250000000e+05
2.035114531250000000e+05
2.018477500000000000e+05
2.015134062500000000e+05
2.021831875000000000e+05
1.998765000000000000e+05
2.010739687500000000e+05
2.025124531250000000e+05
2.034342656250000000e+05
2.031198750000000000e+05
2.023124687500000000e+05
1.987841250000000000e+05
2.027100312500000000e+05
2.023062812500000000e+05
2.007650937500000000e+05
2.007114687500000000e+05
2.020194218750000000e+05
2.027746875000000000e+05
2.014221406250000000e+05
2.016077656250000000e+05
2.002755625000000000e+05
2.007983437500000000e+05
2.019718437500000000e+05
2.013869062500000000e+05
2.020152968750000000e+05
2.008244687500000000e+05
2.012074843750000000e+05
2.029266875000000000e+05
2.014518906250000000e+05
2.004981093750000000e+05
1.996747812500000000e+05
2.004522031250000000e+05
2.024536718750000000e+05
2.005535156250000000e+05
1.992581562500000000e+05
2.021882343750000000e+05
2.001007031250000000e+05
2.016792031250000000e+05
2.021878593750000000e+05
2.006350781250000000e+05
1.996399843750000000e+05
2.023075312500000000e+05
2.031539843750000000e+05
2.007387812500000000e+05
2.016703593750000000e+05
1.985929218750000000e+05
2.024789218750000000e+05
2.005808125000000000e+05
2.031248750000000000e+05
2.009344218750000000e+05
2.010620468750000000e+05
2.017005000000000000e+05
2.024603593750000000e+05
2.002681718750000000e+05
2.013159375000000000e+05
2.002085000000000000e+05
2.002425000000000000e+05
2.005671093750000000e+05
2.015281718750000000e+05
2.007384062500000000e+05
2.017412812500000000e+05
2.022430937500000000e+05
2.022826093750000000e+05
2.013590468750000000e+05
2.008827031250000000e+05
2.007886718750000000e+05
2.009720937500000000e+05
2.016086718750000000e+05
2.014110156250000000e+05
2.018505000000000000e+05
2.013967500000000000e+05
2.002053593750000000e+05
2.012722343750000000e+05
2.014118437500000000e+05
2.005299218750000000e+05
2.005520937500000000e+05
2.021541718750000000e+05
2.005186406250000000e+05
1.992612343750000000e+05
2.003348750000000000e+05
2.023175781250000000e+05
2.013102968750000000e+05
1.995581250000000000e+05
2.003016093750000000e+05
2.014309062500000000e+05
2.010530156250000000e+05
2.029502343750000000e+05
2.001328437500000000e+05
2.004031718750000000e+05
2.007782500000000000e+05
2.038252656250000000e+05
2.007842343750000000e+05
1.994959062500000000e+05
1.994119531250000000e+05
2.017737812500000000e+05
2.019237500000000000e+05
2.012457656250000000e+05
2.006733750000000000e+05
2.018605312500000000e+05
2.021804843750000000e+05
2.000172343750000000e+05
2.030022656250000000e+05
2.006754062500000000e+05
2.006871093750000000e+05
2.014151250000000000e+05
2.017521093750000000e+05
2.010254687500000000e+05
2.023688906250000000e+05
2.005506093750000000e+05
2.021093125000000000e+05
2.048510312500000000e+05
2.016268906250000000e+05
2.000330000000000000e+05
2.002918125000000000e+05
2.024004531250000000e+05
2.014492500000000000e+05
2.010076406250000000e+05
2.013376250000000000e+05
2.001470625000000000e+05
2.011124218750000000e+05
1.991588593750000000e+05
2.009035468750000000e+05
2.017355625000000000e+05
2.021569062500000000e+05
2.015331250000000000e+05
2.008497500000000000e+05
1.998760312500000000e+05
2.015475000000000000e+05
2.008322656250000000e+05
2.014554687500000000e+05
2.009019375000000000e+05
2.005686406250000000e+05
2.029621093750000000e+05
2.008304218750000000e+05
2.017558281250000000e+05
2.011965312500000000e+05
2.001430625000000000e+05
2.013450000000000000e+05
2.028253125000000000e+05
2.019461250000000000e+05
1.999300312500000000e+05
2.003456406250000000e+05
2.023478593750000000e+05
1.999339218750000000e+05
1.986813125000000000e+05
2.010440468750000000e+05
2.018171562500000000e+05
2.014096406250000000e+05
2.019490468750000000e+05
2.015783437500000000e+05
1.980761093750000000e+05
1.997300937500000000e+05
2.000768437500000000e+05
2.018890156250000000e+05
2.015497031250000000e+05
2.028375312500000000e+05
2.006101093750000000e+05
2.027017656250000000e+05
2.024969062500000000e+05
1.998558593750000000e+05
2.001806406250000000e+05
2.009805937500000000e+05
2.014315156250000000e+05
2.009581875000000000e+05
2.009559843750000000e+05
2.003452500000000000e+05
2.018111718750000000e+05
2.016393437500000000e+05
2.021000781250000000e+05
2.010805312500000000e+05
2.024799687500000000e+05
2.036382656250000000e+05
2.008657656250000000e+05
2.013023281250000000e+05
2.010088281250000000e+05
2.040302500000000000e+05
2.021387187500000000e+05
1.993369062500000000e+05
2.000969062500000000e+05
2.032510312500000000e+05
2.017382968750000000e+05
1.993967031250000000e+05
1.999699531250000000e+05
2.028626562500000000e+05
2.010752500000000000e+05
2.006403593750000000e+05
2.020976406250000000e+05
2.008899687500000000e+05
2.012670468750000000e+05
2.015489531250000000e+05
2.016850937500000000e+05
2.012774687500000000e+05
2.008450312500000000e+05
2.012473906250000000e+05
2.018080156250000000e+05
2.010164062500000000e+05
2.006028593750000000e+05
2.021133906250000000e+05
2.010782343750000000e+05
2.006400156250000000e+05
2.023983437500000000e+05
2.011141406250000000e+05
2.016373906250000000e+05
2.005166406250000000e+05
1.999562343750000000e+05
2.010513593750000000e+05
2.014457812500000000e+05
2.004371562500000000e+05
2.024370312500000000e+05
1.992288125000000000e+05
2.018763750000000000e+05
2.015777187500000000e+05
1.998859687500000000e+05
2.013367343750000000e+05
2.018559062500000000e+05
1.980845000000000000e+05
2.009005000000000000e+05
2.017334062500000000e+05
2.026298593750000000e+05
2.012622968750000000e+05
2.027289375000000000e+05
2.015256406250000000e+05
2.015323125000000000e+05
2.010382187500000000e+05
1.989128593750000000e+05
2.018270468750000000e+05
2.022760625000000000e+05
2.020037187500000000e+05
2.036798281250000000e+05
2.013329531250000000e+05
1.989850625000000000e+05
1.979159687500000000e+05
2.006685781250000000e+05
2.022872968750000000e+05
2.022334687500000000e+05
2.013435468750000000e+05
2.005845312500000000e+05
2.011944687500000000e+05
2.010774375000000000e+05
2.031417187500000000e+05
2.010100468750000000e+05
2.004241875000000000e+05
1.998626250000000000e+05
2.009486093750000000e+05
1.995157968750000000e+05
2.012999375000000000e+05
2.004007656250000000e+05
2.000841562500000000e+05
1.985030312500000000e+05
1.999945000000000000e+05
2.026550625000000000e+05
2.019668125000000000e+05
2.027016875000000000e+05
2.024091093750000000e+05
2.018403593750000000e+05
1.997456093750000000e+05
2.036014687500000000e+05
1.999097031250000000e+05
2.016609687500000000e+05
2.025038125000000000e+05
1.993260468750000000e+05
2.023483906250000000e+05
2.015753281250000000e+05
1.999522656250000000e+05
2.007701250000000000e+05
2.020919375000000000e+05
2.010245781250000000e+05
2.022927500000000000e+05
2.012878750000000000e+05
2.002677031250000000e+05
2.011738281250000000e+05
2.016956875000000000e+05
1.994620468750000000e+05
1.999368750000000000e+05
2.013558125000000000e+05
2.028708437500000000e+05
2.016637343750000000e+05
2.023240156250000000e+05
2.011817343750000000e+05
2.027284843750000000e+05
2.003926875000000000e+05
2.021693593750000000e+05
2.004546406250000000e+05
2.022977187500000000e+05
2.003680781250000000e+05
2.000859843750000000e+05
1.998672968750000000e+05
2.009505468750000000e+05
2.006836093750000000e+05
2.015707187500000000e+05
2.040583125000000000e+05
2.010298437500000000e+05
2.011573281250000000e+05
2.006760468750000000e+05
2.021470625000000000e+05
1.990737500000000000e+05
2.008037187500000000e+05
2.003638750000000000e+05
2.011233593750000000e+05
2.015090781250000000e+05
1.997867812500000000e+05
2.031992031250000000e+05
1.994322343750000000e+05
2.000790000000000000e+05
2.009871562500000000e+05
2.008184687500000000e+05
2.002426093750000000e+05
2.001170468750000000e+05
2.017794375000000000e+05
1.998023437500000000e+05
2.024645468750000000e+05
2.024777812500000000e+05
2.003328750000000000e+05
2.000999375000000000e+05
2.015477968750000000e+05
1.997249062500000000e+05
2.016385312500000000e+05
2.032317812500000000e+05
2.014652500000000000e+05
2.037512968750000000e+05
2.002112968750000000e+05
2.003618125000000000e+05
2.003580937500000000e+05
2.009324843750000000e+05
2.006387187500000000e+05
2.018472031250000000e+05
2.022452812500000000e+05
2.015184375000000000e+05
2.014216250000000000e+05
1.986754062500000000e+05
1.989641250000000000e+05
2.035065000000000000e+05
2.006642812500000000e+05
1.991715781250000000e+05
2.008512187500000000e+05
2.007350625000000000e+05
2.007896250000000000e+05
2.029624687500000000e+05
2.031952031250000000e+05
2.022324218750000000e+05
2.007105781250000000e+05
2.027092343750000000e+05
2.002112343750000000e+05
2.015659062500000000e+05
2.024685156250000000e+05
2.007915000000000000e+05
2.001592187500000000e+05
2.006823906250000000e+05
2.022095781250000000e+05
2.022833437500000000e+05
2.014940937500000000e+05
1.998514062500000000e+05
2.011972500000000000e+05
2.005936718750000000e+05
1.996244843750000000e+05
1.989590156250000000e+05
2.017867656250000000e+05
1.993363437500000000e+05
2.000905156250000000e+05
2.005168906250000000e+05
2.009430468750000000e+05
2.006234375000000000e+05
2.026333906250000000e+05
2.014530312500000000e+05
2.013850156250000000e+05
2.011399843750000000e+05
2.012522968750000000e+05
2.010367656250000000e+05
2.001090781250000000e+05
2.008609687500000000e+05
2.006341718750000000e+05
2.004861875000000000e+05
2.010941875000000000e+05
2.018052968750000000e+05
2.014509375000000000e+05
2.016941875000000000e+05
2.011626406250000000e+05
2.017753125000000000e+05
2.014710312500000000e+05
2.017235312500000000e+05
2.026449375000000000e+05
1.999461406250000000e+05
1.996255781250000000e+05
2.028240468750000000e+05
2.014480781250000000e+05
2.004842031250000000e+05
2.009044843750000000e+05
1.997233281250000000e+05
2.008043593750000000e+05
2.018969218750000000e+05
2.000242812500000000e+05
2.013030156250000000e+05
2.006512187500000000e+05
2.002553906250000000e+05
2.010432343750000000e+05
2.003369531250000000e+05
1.996861093750000000e+05
2.007116093750000000e+05
1.997040625000000000e+05
2.026711562500000000e+05
2.003649531250000000e+05
2.000538281250000000e+05
2.004448281250000000e+05
2.015940468750000000e+05
2.006007343750000000e+05
2.013927031250000000e+05
1.997913437500000000e+05
1.997896875000000000e+05
2.007590000000000000e+05
2.015507500000000000e+05
2.008826406250000000e+05
2.012040781250000000e+05
2.002722812500000000e+05
2.006372968750000000e+05
1.992199218750000000e+05
1.999223437500000000e+05
2.021761406250000000e+05
1.969284531250000000e+05
2.001893125000000000e+05
2.013701875000000000e+05
2.008402031250000000e+05
1.980382656250000000e+05
2.009087343750000000e+05
2.005890937500000000e+05
2.032089687500000000e+05
2.024632187500000000e+05
2.008295312500000000e+05
2.015825468750000000e+05
2.005177656250000000e+05
2.008958906250000000e+05
2.043516718750000000e+05
2.016887500000000000e+05
2.009291875000000000e+05
2.017482968750000000e+05
1.991742656250000000e+05
2.006445156250000000e+05
2.009149062500000000e+05
2.027020625000000000e+05
2.014540468750000000e+05
2.005941093750000000e+05
2.004720000000000000e+05
2.022280781250000000e+05
1.997139218750000000e+05
1.997302343750000000e+05
2.029391406250000000e+05
2.024207812500000000e+05
1.991145156250000000e+05
1.998987031250000000e+05
2.009286250000000000e+05
2.015389218750000000e+05
2.003477031250000000e+05
2.009680625000000000e+05
2.016614531250000000e+05
2.011223750000000000e+05
2.011452812500000000e+05
2.014935781250000000e+05
2.020815000000000000e+05
1.990585625000000000e+05
1.996650468750000000e+05
2.006332187500000000e+05
2.008300937500000000e+05
2.018659843750000000e+05
2.022398125000000000e+05
1.996216406250000000e+05
1.994312656250000000e+05
1.988978281250000000e+05
2.013530625000000000e+05
2.038666093750000000e+05
2.011520156250000000e+05
2.012914843750000000e+05
2.005072500000000000e+05
1.999383437500000000e+05
2.007936562500000000e+05
2.014553593750000000e+05
1.998698281250000000e+05
2.001572343750000000e+05
2.035308906250000000e+05
1.999993750000000000e+05
1.998658593750000000e+05
2.009882500000000000e+05
2.010328593750000000e+05
2.012034062500000000e+05
2.009519218750000000e+05
2.020617968750000000e+05
1.998960625000000000e+05
2.000912968750000000e+05
2.026810156250000000e+05
1.988418125000000000e+05
2.012166562500000000e+05
1.997143750000000000e+05
2.004122031250000000e+05
2.006229062500000000e+05
2.020274843750000000e+05
2.005549375000000000e+05
2.036126718750000000e+05
2.017203906250000000e+05
2.026001562500000000e+05
2.009599531250000000e+05
1.989445781250000000e+05
2.004318750000000000e+05
2.023937812500000000e+05
2.009833593750000000e+05
2.014439687500000000e+05
2.024615781250000000e+05
2.005999062500000000e+05
2.003156406250000000e+05
2.008564375000000000e+05
2.015190000000000000e+05
2.000373750000000000e+05
1.991807187500000000e+05
2.015094843750000000e+05
2.027520625000000000e+05
2.013400156250000000e+05
1.990825312500000000e+05
2.023103593750000000e+05
2.016402031250000000e+05
2.022401093750000000e+05
2.018621875000000000e+05
1.998955000000000000e+05
2.020713906250000000e+05
2.004569375000000000e+05
2.020797343750000000e+05
1.998851875000000000e+05
1.991012968750000000e+05
2.001171875000000000e+05
2.018528593750000000e+05
2.014135000000000000e+05
2.010125000000000000e+05
2.002866250000000000e+05
1.993227812500000000e+05
2.019598906250000000e+05
2.000459375000000000e+05
2.016113125000000000e+05
2.023757500000000000e+05
2.018336093750000000e+05
2.006490625000000000e+05
1.998376562500000000e+05
2.017943437500000000e+05
1.998504218750000000e+05
2.008194375000000000e+05
2.016505312500000000e+05
2.006549687500000000e+05
2.034334062500000000e+05
2.019442187500000000e+05
2.022674531250000000e+05
2.001742968750000000e+05
2.016213750000000000e+05
2.024321093750000000e+05
2.029532656250000000e+05
1.990162656250000000e+05
2.005827656250000000e+05
2.037094062500000000e+05
1.992388906250000000e+05
2.008890156250000000e+05
1.995424218750000000e+05
2.011569375000000000e+05
2.027532343750000000e+05
2.021403593750000000e+05
2.021603437500000000e+05
2.004255937500000000e+05
1.996122500000000000e+05
2.002023906250000000e+05
2.001446250000000000e+05
2.033033281250000000e+05
1.997988906250000000e+05
2.009535156250000000e+05
2.008488437500000000e+05
1.982996250000000000e+05
2.013855156250000000e+05
2.015310781250000000e+05
2.021423281250000000e+05
2.031097031250000000e+05
2.019260000000000000e+05
2.008351250000000000e+05
2.017314531250000000e+05
2.015405781250000000e+05
2.017573437500000000e+05
2.025207187500000000e+05
2.019407812500000000e+05
2.031350468750000000e+05
2.003206562500000000e+05
2.015036875000000000e+05
2.014035156250000000e+05
2.025749843750000000e+05
2.023382968750000000e+05
2.007983437500000000e+05
2.004962656250000000e+05
2.019101093750000000e+05
2.001103906250000000e+05
2.018243750000000000e+05
1.994280000000000000e+05
2.027730468750000000e+05
2.021054843750000000e+05
1.989993437500000000e+05
2.006248593750000000e+05
1.990624687500000000e+05
2.002448437500000000e+05
2.004000156250000000e+05
2.030544687500000000e+05
2.021136250000000000e+05
2.010950468750000000e+05
2.002087968750000000e+05
2.026222656250000000e+05
2.029535625000000000e+05
2.006977031250000000e+05
2.037148593750000000e+05
2.002436093750000000e+05
2.025982031250000000e+05
2.023099843750000000e+05
2.015851093750000000e+05
2.025425156250000000e+05
2.001341718750000000e+05
2.030937656250000000e+05
2.029910312500000000e+05
2.035935781250000000e+05
2.021760156250000000e+05
2.001744531250000000e+05
2.010973437500000000e+05
2.015684218750000000e+05
2.016273281250000000e+05
2.002671406250000000e+05
2.002450156250000000e+05
2.028766718750000000e+05
1.997579375000000000e+05
2.008200000000000000e+05
2.003752187500000000e+05
2.003215468750000000e+05
2.023488437500000000e+05
1.991489843750000000e+05
2.002382187500000000e+05
1.994948906250000000e+05
1.988763906250000000e+05
2.012355781250000000e+05
2.004697343750000000e+05
1.977679218750000000e+05
2.015558125000000000e+05
2.002684218750000000e+05
1.983858906250000000e+05
2.028408750000000000e+05
2.007497656250000000e+05
2.005995156250000000e+05
2.012064218750000000e+05
2.007576562500000000e+05
2.033088906250000000e+05
2.015912968750000000e+05
1.998280312500000000e+05
2.011263125000000000e+05
1.987542343750000000e+05
2.016241875000000000e+05
2.029816250000000000e+05
2.006176406250000000e+05
2.029492812500000000e+05
2.010625468750000000e+05
1.997863750000000000e+05
2.037437187500000000e+05
2.016802656250000000e+05
2.017399531250000000e+05
1.986300000000000000e+05
1.997350781250000000e+05
2.020527500000000000e+05
1.984570937500000000e+05
2.021396718750000000e+05
2.003561406250000000e+05
2.005175156250000000e+05
2.020902968750000000e+05
2.021603125000000000e+05
1.999320312500000000e+05
2.005327968750000000e+05
2.016131406250000000e+05
2.032972031250000000e+05
1.989266562500000000e+05
1.992247343750000000e+05
2.009197343750000000e+05
1.999852343750000000e+05
2.018012343750000000e+05
2.000234218750000000e+05
2.000703750000000000e+05
2.010149687500000000e+05
1.999906562500000000e+05
2.005854531250000000e+05
1.990620937500000000e+05
2.004523593750000000e+05
2.015012656250000000e+05
2.024174843750000000e+05
2.000674843750000000e+05
2.004275000000000000e+05
1.992878750000000000e+05
2.010445312500000000e+05
2.029152656250000000e+05
1.995483125000000000e+05
2.018492968750000000e+05
1.996376093750000000e+05
2.013900156250000000e+05
2.015348593750000000e+05
1.995438437500000000e+05
2.003585468750000000e+05
1.976488281250000000e+05
2.018389375000000000e+05
2.018373750000000000e+05
2.002887343750000000e+05
1.990489062500000000e+05
2.006152187500000000e+05
2.009292812500000000e+05
2.030758281250000000e+05
2.008418437500000000e+05
2.009009062500000000e+05
2.019008437500000000e+05
2.012689687500000000e+05
2.034620468750000000e+05
2.022226250000000000e+05
1.999645468750000000e+05
1.993015156250000000e+05
1.989134843750000000e+05
2.031675468750000000e+05
2.040100156250000000e+05
1.996387656250000000e+05
2.008607031250000000e+05
2.011155468750000000e+05
1.983840312500000000e+05
2.009352343750000000e+05
2.027623281250000000e+05
2.019119218750000000e+05
2.016292031250000000e+05
2.006204687500000000e+05
2.003026875000000000e+05
1.999946093750000000e+05
2.010175312500000000e+05
2.011792031250000000e+05
2.005723281250000000e+05
2.017303125000000000e+05
2.019216562500000000e+05
2.008766093750000000e+05
1.989260000000000000e+05
2.001813750000000000e+05
2.018596406250000000e+05
2.030755937500000000e+05
2.014339218750000000e+05
2.010588750000000000e+05
2.005749531250000000e+05
2.016401718750000000e+05
2.000429375000000000e+05
1.996775156250000000e+05
2.002193437500000000e+05
2.031141562500000000e+05
2.011295781250000000e+05
1.982118437500000000e+05
2.018916875000000000e+05
1.992684218750000000e+05
2.007221875000000000e+05
2.014555937500000000e+05
1.993329687500000000e+05
2.023466093750000000e+05
2.008927500000000000e+05
2.015963593750000000e+05
1.999048593750000000e+05
2.018320937500000000e+05
2.009979687500000000e+05
2.013000312500000000e+05
2.031662656250000000e+05
2.014964531250000000e+05
2.005320781250000000e+05
2.009124531250000000e+05
2.012205781250000000e+05
2.003539687500000000e+05
2.020583125000000000e+05
1.995359218750000000e+05
2.000703593750000000e+05
2.010773281250000000e+05
2.003835156250000000e+05
2.001394687500000000e+05
2.025497656250000000e+05
1.990077812500000000e+05
2.008415468750000000e+05
2.009852812500000000e+05
2.010233125000000000e+05
2.032508750000000000e+05
2.010584218750000000e+05
2.006291250000000000e+05
2.010343750000000000e+05
1.995724843750000000e+05
2.011418125000000000e+05
2.016860781250000000e+05
2.011760000000000000e+05
2.024411093750000000e+05
2.008613281250000000e+05
2.007589687500000000e+05
1.998534687500000000e+05
1.999528593750000000e+05
1.996546406250000000e+05
2.000020312500000000e+05
2.009360781250000000e+05
2.006851875000000000e+05
1.990176093750000000e+05
2.018667343750000000e+05
1.995432187500000000e+05
2.018048437500000000e+05
2.005010937500000000e+05
2.003163593750000000e+05
1.966570468750000000e+05
2.026198593750000000e+05
2.008047187500000000e+05
2.022681875000000000e+05
2.001794375000000000e+05
2.005183437500000000e+05
2.007609218750000000e+05
2.003256406250000000e+05
1.996832656250000000e+05
2.004358593750000000e+05
2.035023281250000000e+05
1.993751718750000000e+05
2.005332500000000000e+05
2.029081406250000000e+05
2.000725000000000000e+05
2.022494218750000000e+05
2.014245781250000000e+05
2.004677656250000000e+05
2.002905937500000000e+05
1.999961250000000000e+05
2.013659375000000000e+05
2.001101093750000000e+05
2.017561562500000000e+05
2.000658437500000000e+05
2.030881406250000000e+05
2.029890937500000000e+05
1.990771250000000000e+05
2.010011875000000000e+05
1.995663593750000000e+05
1.987006250000000000e+05
1.993521093750000000e+05
2.026429843750000000e+05
1.985075312500000000e+05
2.026727968750000000e+05
1.993501562500000000e+05
2.000776406250000000e+05
2.035474531250000000e+05
2.000778281250000000e+05
2.020743125000000000e+05
1.987685937500000000e+05
2.007150312500000000e+05
2.012900468750000000e+05
2.017340781250000000e+05
2.024624062500000000e+05
2.020557500000000000e+05
2.017198906250000000e+05
2.002842500000000000e+05
2.013935937500000000e+05
1.998471406250000000e+05
2.006409531250000000e+05
2.010913593750000000e+05
2.007902968750000000e+05
1.998361875000000000e+05
2.006928437500000000e+05
2.015946875000000000e+05
2.041730000000000000e+05
2.010075781250000000e+05
1.989652656250000000e+05
2.015421250000000000e+05
2.011846250000000000e+05
2.007891562500000000e+05
1.994130625000000000e+05
2.008823437500000000e+05
2.012242187500000000e+05
2.022382031250000000e+05
2.028945625000000000e+05
2.009245781250000000e+05
2.006900312500000000e+05
2.010960156250000000e+05
2.007989375000000000e+05
2.025057343750000000e+05
2.016822343750000000e+05
2.007164687500000000e+05
2.008948437500000000e+05
1.999683437500000000e+05
2.032126406250000000e+05
2.006751562500000000e+05
2.005433281250000000e+05
1.995766562500000000e+05
1.999453906250000000e+05
2.009321875000000000e+05
2.020813281250000000e+05
2.014690312500000000e+05
2.022307343750000000e+05
2.015742187500000000e+05
2.003753125000000000e+05
1.994856093750000000e+05
2.014561718750000000e+05
2.010848437500000000e+05
1.999401562500000000e+05
2.000240468750000000e+05
2.007267656250000000e+05
2.016583906250000000e+05
2.020576562500000000e+05
2.014794843750000000e+05
1.996269062500000000e+05
2.009847187500000000e+05
2.016296562500000000e+05
2.017475781250000000e+05
1.997257187500000000e+05
2.014267656250000000e+05
2.017351406250000000e+05
2.020474375000000000e+05
2.012343593750000000e+05
2.023856093750000000e+05
2.014423281250000000e+05
1.994989531250000000e+05
1.998176250000000000e+05
2.010944375000000000e+05
2.011195312500000000e+05
2.012722500000000000e+05
1.987025781250000000e+05
2.023473906250000000e+05
1.995117343750000000e+05
2.013732500000000000e+05
1.995623750000000000e+05
2.003558906250000000e+05
2.016109531250000000e+05
2.011402812500000000e+05
2.018562968750000000e+05
2.002921093750000000e+05
1.998213593750000000e+05
2.025072812500000000e+05
2.000954062500000000e+05
2.006116718750000000e+05
1.994495000000000000e+05
2.009738125000000000e+05
1.985358437500000000e+05
1.998018750000000000e+05
2.010719687500000000e+05
2.003529218750000000e+05
2.031365468750000000e+05
2.010012187500000000e+05
1.993009531250000000e+05
1.995838437500000000e+05
2.028295312500000000e+05
2.003270156250000000e+05
2.018052031250000000e+05
1.995105156250000000e+05
2.013323593750000000e+05
2.009166406250000000e+05
1.997513125000000000e+05
2.008105625000000000e+05
2.020380156250000000e+05
2.004442031250000000e+05
2.017725468750000000e+05
2.016172812500000000e+05
1.997557968750000000e+05
2.004652187500000000e+05
2.020523437500000000e+05
2.030810000000000000e+05
2.021806718750000000e+05
2.011168437500000000e+05
2.018222968750000000e+05
2.013914375000000000e+05
2.024465625000000000e+05
2.006517968750000000e+05
2.026112500000000000e+05
2.009784687500000000e+05
2.008079375000000000e+05
2.016504531250000000e+05
2.016174375000000000e+05
2.009847812500000000e+05
2.020780312500000000e+05
2.012102343750000000e+05
1.992419218750000000e+05
2.012458750000000000e+05
2.004102343750000000e+05
1.997558125000000000e+05
2.012759531250000000e+05
2.018270000000000000e+05
2.027226562500000000e+05
2.011804062500000000e+05
2.003525468750000000e+05
2.020004062500000000e+05
1.998353125000000000e+05
1.992313750000000000e+05
2.007547656250000000e+05
2.020329687500000000e+05
2.012320781250000000e+05
2.024582187500000000e+05
1.995197343750000000e+05
2.021187343750000000e+05
2.009085156250000000e+05
2.014201093750000000e+05
1.997206562500000000e+05
2.013305000000000000e+05
2.019785625000000000e+05
2.000700625000000000e+05
2.016715937500000000e+05
1.994676718750000000e+05
2.015831093750000000e+05
2.015224531250000000e+05
2.003218906250000000e+05
2.019330156250000000e+05
2.010733125000000000e+05
2.014345156250000000e+05
1.989127187500000000e+05
2.010244218750000000e+05
2.021978906250000000e+05
2.026680937500000000e+05
1.992426562500000000e+05
1.997946250000000000e+05
2.006335312500000000e+05
2.000966718750000000e+05
1.997394687500000000e+05
2.005830625000000000e+05
2.017692187500000000e+05
2.005685312500000000e+05
1.993150468750000000e+05
2.007261406250000000e+05
2.021625937500000000e+05
2.008696406250000000e+05
2.021766718750000000e+05
2.012352031250000000e+05
2.026549687500000000e+05
2.015372031250000000e+05
2.018898750000000000e+05
2.001834218750000000e+05
2.026281718750000000e+05
2.013121718750000000e+05
2.007663906250000000e+05
1.989778125000000000e+05
2.013716562500000000e+05
2.000380312500000000e+05
1.992805468750000000e+05
2.009089531250000000e+05
1.995474218750000000e+05
2.006295156250000000e+05
2.007255156250000000e+05
2.035620937500000000e+05
2.007288125000000000e+05
2.008506718750000000e+05
2.017427187500000000e+05
2.000311562500000000e+05
2.026140781250000000e+05
1.994097031250000000e+05
2.011875312500000000e+05
2.017664062500000000e+05
2.017960000000000000e+05
1.989785000000000000e+05
2.015899062500000000e+05
2.016950312500000000e+05
2.017109843750000000e+05
1.996077500000000000e+05
2.005245000000000000e+05
2.010818281250000000e+05
2.000908906250000000e+05
2.020195000000000000e+05
2.012743906250000000e+05
2.013449218750000000e+05
1.984504062500000000e+05
2.000564531250000000e+05
2.001245000000000000e+05
2.002537031250000000e+05
2.015745156250000000e+05
2.011749375000000000e+05
2.002152187500000000e+05
2.013609531250000000e+05
2.007902500000000000e+05
2.010805781250000000e+05
1.996910781250000000e+05
2.007511093750000000e+05
2.015686093750000000e+05
2.024418437500000000e+05
1.998503750000000000e+05
2.012937968750000000e+05
1.997804687500000000e+05
2.017297812500000000e+05
2.001667500000000000e+05
1.994942343750000000e+05
2.000600156250000000e+05
1.983657343750000000e+05
2.002131250000000000e+05
1.994194531250000000e+05
2.021926406250000000e+05
2.008597812500000000e+05
2.014101250000000000e+05
1.993007968750000000e+05
2.012301562500000000e+05
2.015610625000000000e+05
2.010677343750000000e+05
2.019556718750000000e+05
1.993058906250000000e+05
1.991350312500000000e+05
1.990919375000000000e+05
2.021130937500000000e+05
2.019689062500000000e+05
1.996451250000000000e+05
2.006711406250000000e+05
2.008495000000000000e+05
2.001482187500000000e+05
2.007659218750000000e+05
2.016860000000000000e+05
2.015474062500000000e+05
2.008820625000000000e+05
2.025662812500000000e+05
2.003856562500000000e+05
2.016238437500000000e+05
2.007612187500000000e+05
2.018667656250000000e+05
2.007390937500000000e+05
2.028054218750000000e+05
2.003336562500000000e+05
2.002712343750000000e+05
2.012656718750000000e+05
2.007748125000000000e+05
2.008546562500000000e+05
2.021431250000000000e+05
2.025466718750000000e+05
1.997720781250000000e+05
2.018176718750000000e+05
2.007509531250000000e+05
2.021562343750000000e+05
2.005572500000000000e+05
1.988952343750000000e+05
2.009421250000000000e+05
2.011877968750000000e+05
2.016579062500000000e+05
2.008092187500000000e+05
1.996762343750000000e+05
2.009600625000000000e+05
1.998346250000000000e+05
2.019101562500000000e+05
1.988568125000000000e+05
1.995631562500000000e+05
2.035433125000000000e+05
1.997886093750000000e+05
1.978217968750000000e+05
2.011626093750000000e+05
2.005664062500000000e+05
1.990792343750000000e+05
1.994134375000000000e+05
2.012165312500000000e+05
1.997124062500000000e+05
2.030671718750000000e+05
2.004948750000000000e+05
2.002218593750000000e+05
2.018017500000000000e+05
2.010963125000000000e+05
2.015917343750000000e+05
1.982422968750000000e+05
2.006087656250000000e+05
2.014645312500000000e+05
2.018831406250000000e+05
2.014917812500000000e+05
2.002122187500000000e+05
1.998901562500000000e+05
2.010228437500000000e+05
2.029975000000000000e+05
1.974210937500000000e+05
2.011042968750000000e+05
2.009389687500000000e+05
2.011298281250000000e+05
2.006788750000000000e+05
1.990524375000000000e+05
2.012254687500000000e+05
2.030101875000000000e+05
2.011283750000000000e+05
2.014114375000000000e+05
1.997450937500000000e+05
2.005772187500000000e+05
2.010327500000000000e+05
2.001321250000000000e+05
2.002368125000000000e+05
2.006480000000000000e+05
1.999688125000000000e+05
2.005714062500000000e+05
1.998064218750000000e+05
2.013368125000000000e+05
2.013725312500000000e+05
2.006489062500000000e+05
2.009355625000000000e+05
2.010022500000000000e+05
1.998414531250000000e+05
2.016223593750000000e+05
2.021269531250000000e+05
2.003801875000000000e+05
1.980822812500000000e+05
1.990184375000000000e+05
2.010790781250000000e+05
2.014687187500000000e+05
1.998479375000000000e+05
1.992377656250000000e+05
2.012199843750000000e+05
1.994113125000000000e+05
2.000388281250000000e+05
2.008403906250000000e+05
2.010192343750000000e+05
2.008795937500000000e+05
2.015034375000000000e+05
2.007894687500000000e+05
2.003408593750000000e+05
1.985489531250000000e+05
2.028681250000000000e+05
2.024247812500000000e+05
2.017634375000000000e+05
1.981448437500000000e+05
2.003907656250000000e+05
2.003588750000000000e+05
2.012004843750000000e+05
2.016391875000000000e+05
2.021111562500000000e+05
2.005457187500000000e+05
2.010342187500000000e+05
2.033964375000000000e+05
2.012785781250000000e+05
2.000778906250000000e+05
1.999503906250000000e+05
2.009435312500000000e+05
2.010368906250000000e+05
1.998575000000000000e+05
2.017290781250000000e+05
2.012118437500000000e+05
2.003857656250000000e+05
2.010305781250000000e+05
2.023399531250000000e+05
2.016099062500000000e+05
2.017355625000000000e+05
2.010151562500000000e+05
2.022726718750000000e+05
2.018497656250000000e+05
1.998590312500000000e+05
2.011891562500000000e+05
2.024555781250000000e+05
2.014565156250000000e+05
1.996075000000000000e+05
2.009285156250000000e+05
2.009495937500000000e+05
1.991807343750000000e+05
2.030941406250000000e+05
1.992967500000000000e+05
1.989396093750000000e+05
2.016973593750000000e+05
2.013669843750000000e+05
2.019441250000000000e+05
2.010491093750000000e+05
1.973101250000000000e+05
2.016106718750000000e+05
1.998437343750000000e+05
2.012010937500000000e+05
2.008250468750000000e+05
2.003877812500000000e+05
2.014400937500000000e+05
2.020519375000000000e+05
2.017138750000000000e+05
1.999801562500000000e+05
2.012267812500000000e+05
2.046726562500000000e+05
1.992038437500000000e+05
2.016821875000000000e+05
1.982631718750000000e+05
2.006652343750000000e+05
1.994863750000000000e+05
2.019165000000000000e+05
2.004601875000000000e+05
2.001567968750000000e+05
2.035441562500000000e+05
2.023732187500000000e+05
1.999044843750000000e+05
2.000532812500000000e+05
2.009936406250000000e+05
2.014975312500000000e+05
2.004252187500000000e+05
2.020176718750000000e+05
1.995794218750000000e+05
2.015173906250000000e+05
2.016717500000000000e+05
2.031517187500000000e+05
2.000085156250000000e+05
2.022888125000000000e+05
2.004560937500000000e+05
2.006069375000000000e+05
2.006612812500000000e+05
1.998195781250000000e+05
2.019874375000000000e+05
2.004388593750000000e+05
2.010635156250000000e+05
2.009445781250000000e+05
2.017127031250000000e+05
1.995833281250000000e+05
1.999384531250000000e+05
2.021251875000000000e+05
1.999295781250000000e+05
2.003708593750000000e+05
