1.263889687500000000e+05
2.355505625000000000e+05
2.036680000000000000e+05
7.879976562500000000e+04
1.118542500000000000e+05
1.589717500000000000e+05
1.337481406250000000e+05
6.924598437500000000e+04
5.710039062500000000e+04
8.411907812500000000e+04
7.635241406250000000e+04
4.728563671875000000e+04
5.002551562500000000e+04
6.612692968750000000e+04
6.006544531250000000e+04
4.112656250000000000e+04
4.483187500000000000e+04
5.764333203125000000e+04
5.357358203125000000e+04
3.813703906250000000e+04
3.868281640625000000e+04
4.823982031250000000e+04
4.476282031250000000e+04
3.355477343750000000e+04
3.793469531250000000e+04
4.735463281250000000e+04
4.459177734375000000e+04
3.318758593750000000e+04
3.322187500000000000e+04
4.000264843750000000e+04
3.751862500000000000e+04
2.914121875000000000e+04
3.412408593750000000e+04
4.282980468750000000e+04
3.999233593750000000e+04
2.959038085937500000e+04
2.965490234375000000e+04
3.613998437500000000e+04
3.373684375000000000e+04
2.637629687500000000e+04
3.108782031250000000e+04
3.886802343750000000e+04
3.610603515625000000e+04
2.703521679687500000e+04
2.741373242187500000e+04
3.419966406250000000e+04
3.162218750000000000e+04
2.422478515625000000e+04
2.885944335937500000e+04
3.670068750000000000e+04
3.456852343750000000e+04
2.493466796875000000e+04
2.617785156250000000e+04
3.260118359375000000e+04
3.012280859375000000e+04
2.266311718750000000e+04
2.758376953125000000e+04
3.508660937500000000e+04
3.250532812500000000e+04
2.339137500000000000e+04
2.616268359375000000e+04
3.291584375000000000e+04
3.007853906250000000e+04
2.173837109375000000e+04
2.623611523437500000e+04
3.354257421875000000e+04
3.057785351562500000e+04
2.212512304687500000e+04
2.743609375000000000e+04
3.507167968750000000e+04
3.121065429687500000e+04
2.147475781250000000e+04
2.569977734375000000e+04
3.290932812500000000e+04
2.965208984375000000e+04
2.117393750000000000e+04
2.856076953125000000e+04
3.721267187500000000e+04
3.256711914062500000e+04
2.115133007812500000e+04
2.654292968750000000e+04
3.507357812500000000e+04
3.151183984375000000e+04
2.119050781250000000e+04
2.615185351562500000e+04
3.488528125000000000e+04
3.153844921875000000e+04
2.113168359375000000e+04
2.568016406250000000e+04
3.419546875000000000e+04
3.118765234375000000e+04
2.096010937500000000e+04
2.337350000000000000e+04
3.056265625000000000e+04
2.795937890625000000e+04
1.948228320312500000e+04
2.419296484375000000e+04
3.189565820312500000e+04
2.905770703125000000e+04
2.005435546875000000e+04
2.348694921875000000e+04
3.043960742187500000e+04
2.753863281250000000e+04
1.901595703125000000e+04
2.264287500000000000e+04
2.956211328125000000e+04
2.692382421875000000e+04
1.919473828125000000e+04
2.368712890625000000e+04
3.073562500000000000e+04
2.738475976562500000e+04
1.856452148437500000e+04
2.269178125000000000e+04
2.974576953125000000e+04
2.695128906250000000e+04
1.860214843750000000e+04
2.363539062500000000e+04
3.045618945312500000e+04
2.695553710937500000e+04
1.803898632812500000e+04
2.481333203125000000e+04
3.245542968750000000e+04
2.854715820312500000e+04
1.893898046875000000e+04
2.385541015625000000e+04
3.135465234375000000e+04
2.730308984375000000e+04
1.805356835937500000e+04
2.474883984375000000e+04
3.266322656250000000e+04
2.832247656250000000e+04
1.861044140625000000e+04
2.600084375000000000e+04
3.450694531250000000e+04
3.007029296875000000e+04
1.893600195312500000e+04
2.388605078125000000e+04
3.216299218750000000e+04
2.867299414062500000e+04
1.872294921875000000e+04
2.224264843750000000e+04
2.973987890625000000e+04
2.654201562500000000e+04
1.770386328125000000e+04
2.351330468750000000e+04
3.121626171875000000e+04
2.787960156250000000e+04
1.816034765625000000e+04
2.122839257812500000e+04
2.796562890625000000e+04
2.473151953125000000e+04
1.711801953125000000e+04
2.342898437500000000e+04
3.062626953125000000e+04
2.658494140625000000e+04
1.756898437500000000e+04
2.249599023437500000e+04
2.919178906250000000e+04
2.514825000000000000e+04
1.671967578125000000e+04
2.510290234375000000e+04
3.324846093750000000e+04
2.878672656250000000e+04
1.820351562500000000e+04
2.281124804687500000e+04
3.059616406250000000e+04
2.699114453125000000e+04
1.744813671875000000e+04
2.231631640625000000e+04
3.015481054687500000e+04
2.679987304687500000e+04
1.774348632812500000e+04
2.139344140625000000e+04
2.829988867187500000e+04
2.524879101562500000e+04
1.670737109375000000e+04
1.961835937500000000e+04
2.579728710937500000e+04
2.343123046875000000e+04
1.652230468750000000e+04
2.181919140625000000e+04
2.826374218750000000e+04
2.489019335937500000e+04
1.620869335937500000e+04
1.886215234375000000e+04
2.483133203125000000e+04
2.259049218750000000e+04
1.610070214843750000e+04
2.108049609375000000e+04
2.716033789062500000e+04
2.396038085937500000e+04
1.579077734375000000e+04
1.911580468750000000e+04
2.528368750000000000e+04
2.279812500000000000e+04
1.589498437500000000e+04
1.951807617187500000e+04
2.541578125000000000e+04
2.248292773437500000e+04
1.532643554687500000e+04
2.012439062500000000e+04
2.641168359375000000e+04
2.369747656250000000e+04
1.585859570312500000e+04
1.838397656250000000e+04
2.394603906250000000e+04
2.141740234375000000e+04
1.490097265625000000e+04
1.992789843750000000e+04
2.605723046875000000e+04
2.340799414062500000e+04
1.552935937500000000e+04
1.804126953125000000e+04
2.366801953125000000e+04
2.117599023437500000e+04
1.466048046875000000e+04
1.897966210937500000e+04
2.480734960937500000e+04
2.208093750000000000e+04
1.508269238281250000e+04
1.909771484375000000e+04
2.507619531250000000e+04
2.230738476562500000e+04
1.482353613281250000e+04
1.793650781250000000e+04
2.341136718750000000e+04
2.107727148437500000e+04
1.461203125000000000e+04
1.896060546875000000e+04
2.475973046875000000e+04
2.189909960937500000e+04
1.454314062500000000e+04
1.769470117187500000e+04
2.327838281250000000e+04
2.089776757812500000e+04
1.452676953125000000e+04
1.817070703125000000e+04
2.369285937500000000e+04
2.091943164062500000e+04
1.413332910156250000e+04
1.827764257812500000e+04
2.385419531250000000e+04
2.134531250000000000e+04
1.443356835937500000e+04
1.735273437500000000e+04
2.269626171875000000e+04
2.017222265625000000e+04
1.378261914062500000e+04
1.894818164062500000e+04
2.456858984375000000e+04
2.160683203125000000e+04
1.439454882812500000e+04
1.760190039062500000e+04
2.264558593750000000e+04
1.989904492187500000e+04
1.376724707031250000e+04
1.954108398437500000e+04
2.481225000000000000e+04
2.066872656250000000e+04
1.394583398437500000e+04
2.117648242187500000e+04
2.678677734375000000e+04
2.208232226562500000e+04
1.426116601562500000e+04
2.196313281250000000e+04
2.778758789062500000e+04
2.268185351562500000e+04
1.454011132812500000e+04
2.310583203125000000e+04
2.938250976562500000e+04
2.389957421875000000e+04
1.435085253906250000e+04
2.286193750000000000e+04
3.057361914062500000e+04
2.597974218750000000e+04
1.539130078125000000e+04
2.383832031250000000e+04
3.335086718750000000e+04
2.959289062500000000e+04
1.762136328125000000e+04
1.630786230468750000e+04
2.242851171875000000e+04
2.073617773437500000e+04
1.408150781250000000e+04
1.705422265625000000e+04
2.267967968750000000e+04
2.034497851562500000e+04
1.363309472656250000e+04
1.622602343750000000e+04
2.146556835937500000e+04
1.936794726562500000e+04
1.330726171875000000e+04
1.632737597656250000e+04
2.127320898437500000e+04
1.888869531250000000e+04
1.296661425781250000e+04
1.643441210937500000e+04
2.146130859375000000e+04
1.933816210937500000e+04
1.316715039062500000e+04
1.579775390625000000e+04
2.043620312500000000e+04
1.810948046875000000e+04
1.256934277343750000e+04
1.664495312500000000e+04
2.161459375000000000e+04
1.899251562500000000e+04
1.283498828125000000e+04
1.673601562500000000e+04
2.200351953125000000e+04
1.926924414062500000e+04
1.292144140625000000e+04
1.707802343750000000e+04
2.223048437500000000e+04
1.953036718750000000e+04
1.291474218750000000e+04
1.627444921875000000e+04
2.161767187500000000e+04
1.915625781250000000e+04
1.276246289062500000e+04
1.695288476562500000e+04
2.238744335937500000e+04
1.989228906250000000e+04
1.299298730468750000e+04
1.583071679687500000e+04
2.086984375000000000e+04
1.875260156250000000e+04
1.249755859375000000e+04
1.526856738281250000e+04
2.016314453125000000e+04
1.778266796875000000e+04
1.218545312500000000e+04
1.643966406250000000e+04
2.142054296875000000e+04
1.855296875000000000e+04
1.215118554687500000e+04
1.623453906250000000e+04
2.138855859375000000e+04
1.883756445312500000e+04
1.245531835937500000e+04
1.624497753906250000e+04
2.121861523437500000e+04
1.850619531250000000e+04
1.218147363281250000e+04
1.673635742187500000e+04
2.218952929687500000e+04
1.927644335937500000e+04
1.246585644531250000e+04
1.670827343750000000e+04
2.212805468750000000e+04
1.901989843750000000e+04
1.223388574218750000e+04
1.666933203125000000e+04
2.200315625000000000e+04
1.898762304687500000e+04
1.230745507812500000e+04
1.756121875000000000e+04
2.339056445312500000e+04
2.030751562500000000e+04
1.274132910156250000e+04
1.597012109375000000e+04
2.134935546875000000e+04
1.886173437500000000e+04
1.239536718750000000e+04
1.564113574218750000e+04
2.069867382812500000e+04
1.804920507812500000e+04
1.188143359375000000e+04
1.639987500000000000e+04
2.187634570312500000e+04
1.917067187500000000e+04
1.237423242187500000e+04
1.511496679687500000e+04
2.011035546875000000e+04
1.781314843750000000e+04
1.181707812500000000e+04
1.498392382812500000e+04
1.970450000000000000e+04
1.730391015625000000e+04
1.168668457031250000e+04
1.625183007812500000e+04
2.123729296875000000e+04
1.845337890625000000e+04
1.183908300781250000e+04
1.457261132812500000e+04
1.929522656250000000e+04
1.719323046875000000e+04
1.160808398437500000e+04
1.540930664062500000e+04
2.030502734375000000e+04
1.756370117187500000e+04
1.148304980468750000e+04
1.515849023437500000e+04
1.973315039062500000e+04
1.730939453125000000e+04
1.141631738281250000e+04
1.493646875000000000e+04
1.984610156250000000e+04
1.739674804687500000e+04
1.154838574218750000e+04
1.520040820312500000e+04
1.989315625000000000e+04
1.739008984375000000e+04
1.134398535156250000e+04
1.510437500000000000e+04
1.998825390625000000e+04
1.771131640625000000e+04
1.151614257812500000e+04
1.436526953125000000e+04
1.889208984375000000e+04
1.683795898437500000e+04
1.129735546875000000e+04
1.456539355468750000e+04
1.907050000000000000e+04
1.680255859375000000e+04
1.116744335937500000e+04
1.390199902343750000e+04
1.806113281250000000e+04
1.608790527343750000e+04
1.102711914062500000e+04
1.476204296875000000e+04
1.922774023437500000e+04
1.662150585937500000e+04
1.097752343750000000e+04
1.490200781250000000e+04
1.931313476562500000e+04
1.658557812500000000e+04
1.095397265625000000e+04
1.481761523437500000e+04
1.936064843750000000e+04
1.670143359375000000e+04
1.105717382812500000e+04
1.625858398437500000e+04
2.085586328125000000e+04
1.733620312500000000e+04
1.107800000000000000e+04
1.649970703125000000e+04
2.164368554687500000e+04
1.843252343750000000e+04
1.153500976562500000e+04
1.671604296875000000e+04
2.221628515625000000e+04
1.892556640625000000e+04
1.152425878906250000e+04
1.632637695312500000e+04
2.205722265625000000e+04
1.916884765625000000e+04
1.188508007812500000e+04
1.549786816406250000e+04
2.108024023437500000e+04
1.851791796875000000e+04
1.143037304687500000e+04
1.457121875000000000e+04
2.004753320312500000e+04
1.798586132812500000e+04
1.136460156250000000e+04
1.346358789062500000e+04
1.821945312500000000e+04
1.640238281250000000e+04
1.084673535156250000e+04
1.330872363281250000e+04
1.762380468750000000e+04
1.565055078125000000e+04
1.032352832031250000e+04
1.264699902343750000e+04
1.686860351562500000e+04
1.503519921875000000e+04
1.040331152343750000e+04
1.344419335937500000e+04
1.742426562500000000e+04
1.532754296875000000e+04
1.010974316406250000e+04
1.274173535156250000e+04
1.654683593750000000e+04
1.456626464843750000e+04
1.016107910156250000e+04
1.419344238281250000e+04
1.793710546875000000e+04
1.514229003906250000e+04
1.004102539062500000e+04
1.429007617187500000e+04
1.823340429687500000e+04
1.547971289062500000e+04
1.028087109375000000e+04
1.539007910156250000e+04
1.962308203125000000e+04
1.615745312500000000e+04
1.042368945312500000e+04
1.520542675781250000e+04
1.977427148437500000e+04
1.653921679687500000e+04
1.063023730468750000e+04
1.721823437500000000e+04
2.246034375000000000e+04
1.891477734375000000e+04
1.110584179687500000e+04
1.445795703125000000e+04
1.973102734375000000e+04
1.744063867187500000e+04
1.116184765625000000e+04
1.449577343750000000e+04
1.962598632812500000e+04
1.712066992187500000e+04
1.059984375000000000e+04
1.378479492187500000e+04
1.851467773437500000e+04
1.635324023437500000e+04
1.064778125000000000e+04
1.299576367187500000e+04
1.714609375000000000e+04
1.485817382812500000e+04
9.930437500000000000e+03
1.434248632812500000e+04
1.841155664062500000e+04
1.545529003906250000e+04
1.014707421875000000e+04
1.480788867187500000e+04
1.899475781250000000e+04
1.596852539062500000e+04
1.033856835937500000e+04
1.515032519531250000e+04
1.957680859375000000e+04
1.637537109375000000e+04
1.048167968750000000e+04
1.577465234375000000e+04
2.046797070312500000e+04
1.717014843750000000e+04
1.058070117187500000e+04
1.582773632812500000e+04
2.098258984375000000e+04
1.771585937500000000e+04
1.076207421875000000e+04
1.564749414062500000e+04
2.133653906250000000e+04
1.852440234375000000e+04
1.118485351562500000e+04
1.392266015625000000e+04
1.911040820312500000e+04
1.709758203125000000e+04
1.073941992187500000e+04
1.276645214843750000e+04
1.725761718750000000e+04
1.541902929687500000e+04
1.002623046875000000e+04
1.293358593750000000e+04
1.696516015625000000e+04
1.494132812500000000e+04
9.896593750000000000e+03
1.235081152343750000e+04
1.595098437500000000e+04
1.408318945312500000e+04
9.482146484375000000e+03
1.290990039062500000e+04
1.672579101562500000e+04
1.438786328125000000e+04
9.886736328125000000e+03
1.348195605468750000e+04
1.709835937500000000e+04
1.429520312500000000e+04
9.460777343750000000e+03
1.400264843750000000e+04
1.798206445312500000e+04
1.504523632812500000e+04
9.937174804687500000e+03
1.458957128906250000e+04
1.847538281250000000e+04
1.510835839843750000e+04
9.670330078125000000e+03
1.537612500000000000e+04
1.976859375000000000e+04
1.633722656250000000e+04
1.032627539062500000e+04
1.625790136718750000e+04
2.132979296875000000e+04
1.783105468750000000e+04
1.055695507812500000e+04
1.480111035156250000e+04
2.037031445312500000e+04
1.790150781250000000e+04
1.097993359375000000e+04
1.378500195312500000e+04
1.880904687500000000e+04
1.659553906250000000e+04
1.034255664062500000e+04
1.226631933593750000e+04
1.645437109375000000e+04
1.438690820312500000e+04
9.591749023437500000e+03
1.341777734375000000e+04
1.784509765625000000e+04
1.536952929687500000e+04
9.562364257812500000e+03
1.214295312500000000e+04
1.627467187500000000e+04
1.447189257812500000e+04
9.564880859375000000e+03
1.308762597656250000e+04
1.730484179687500000e+04
1.498269433593750000e+04
9.376328125000000000e+03
1.130829394531250000e+04
1.501975390625000000e+04
1.338158789062500000e+04
9.102791015625000000e+03
1.289249804687500000e+04
1.698818554687500000e+04
1.473702929687500000e+04
9.234663085937500000e+03
1.163342187500000000e+04
1.550561328125000000e+04
1.378453906250000000e+04
9.133871093750000000e+03
1.170414746093750000e+04
1.556985546875000000e+04
1.359343164062500000e+04
8.886113281250000000e+03
1.166116113281250000e+04
1.551741601562500000e+04
1.373757421875000000e+04
8.984589843750000000e+03
1.159364453125000000e+04
1.534910058593750000e+04
1.347033886718750000e+04
8.699469726562500000e+03
1.141643359375000000e+04
1.513710253906250000e+04
1.344099023437500000e+04
8.880542968750000000e+03
1.134530273437500000e+04
1.506816894531250000e+04
1.331973242187500000e+04
8.561693359375000000e+03
1.100135937500000000e+04
1.459831445312500000e+04
1.297759179687500000e+04
8.614716796875000000e+03
1.115452734375000000e+04
1.482198046875000000e+04
1.306372656250000000e+04
8.554677734375000000e+03
1.092206640625000000e+04
1.439648632812500000e+04
1.274324023437500000e+04
8.477968750000000000e+03
1.094566894531250000e+04
1.438620507812500000e+04
1.271351562500000000e+04
8.418383789062500000e+03
1.109253710937500000e+04
1.455947753906250000e+04
1.280171484375000000e+04
8.542822265625000000e+03
1.090080859375000000e+04
1.421225195312500000e+04
1.246004296875000000e+04
8.268416992187500000e+03
1.125202343750000000e+04
1.490400292968750000e+04
1.308279003906250000e+04
8.675621093750000000e+03
1.080699121093750000e+04
1.408347265625000000e+04
1.241130273437500000e+04
8.178811523437500000e+03
1.085051660156250000e+04
1.440836328125000000e+04
1.286064257812500000e+04
8.519912109375000000e+03
1.059060156250000000e+04
1.393731445312500000e+04
1.225804394531250000e+04
8.067977539062500000e+03
1.055404101562500000e+04
1.374899316406250000e+04
1.212825195312500000e+04
8.154554687500000000e+03
1.139163378906250000e+04
1.460926464843750000e+04
1.223405664062500000e+04
8.074859375000000000e+03
1.167928906250000000e+04
1.478485058593750000e+04
1.214750976562500000e+04
8.576193359375000000e+03
1.066816601562500000e+04
1.161165234375000000e+04
9.649900390625000000e+03
1.138347265625000000e+04
1.239506347656250000e+04
9.868698242187500000e+03
1.326023828125000000e+04
1.653652734375000000e+04
1.402072753906250000e+04
9.580237304687500000e+03
1.376601464843750000e+04
1.817692578125000000e+04
1.587663476562500000e+04
9.758157226562500000e+03
1.141849218750000000e+04
1.499633398437500000e+04
1.252277148437500000e+04
8.793758789062500000e+03
1.132189843750000000e+04
1.249176855468750000e+04
1.173998144531250000e+04
1.229018945312500000e+04
1.169467968750000000e+04
1.201865039062500000e+04
1.295019433593750000e+04
1.146845117187500000e+04
9.151260742187500000e+03
9.128059570312500000e+03
1.010576171875000000e+04
1.219910742187500000e+04
1.220462890625000000e+04
1.176625097656250000e+04
1.201147265625000000e+04
1.240308007812500000e+04
1.178980371093750000e+04
1.194081835937500000e+04
1.152578710937500000e+04
1.092061328125000000e+04
1.058541210937500000e+04
1.025243554687500000e+04
9.739287109375000000e+03
9.888964843750000000e+03
9.603737304687500000e+03
8.579605468750000000e+03
8.193883789062500000e+03
8.649160156250000000e+03
8.307732421875000000e+03
7.544112304687500000e+03
7.342612304687500000e+03
7.926166503906250000e+03
7.667843261718750000e+03
7.097838378906250000e+03
6.936256835937500000e+03
7.418438964843750000e+03
7.338250000000000000e+03
6.868187988281250000e+03
6.648413085937500000e+03
7.009582519531250000e+03
7.069041503906250000e+03
6.843827636718750000e+03
6.534253417968750000e+03
6.712695312500000000e+03
6.702067382812500000e+03
6.603125000000000000e+03
6.410804687500000000e+03
6.274825683593750000e+03
6.167410156250000000e+03
6.393134765625000000e+03
6.356128906250000000e+03
6.046943359375000000e+03
5.812746093750000000e+03
6.157989257812500000e+03
6.116039550781250000e+03
5.828369140625000000e+03
5.652181152343750000e+03
6.063208007812500000e+03
6.041453613281250000e+03
5.694846679687500000e+03
5.511957031250000000e+03
5.954844238281250000e+03
5.940413574218750000e+03
5.588795410156250000e+03
5.398813476562500000e+03
5.912545898437500000e+03
5.869934570312500000e+03
5.469268554687500000e+03
5.279287109375000000e+03
5.749507812500000000e+03
5.699234375000000000e+03
5.502016601562500000e+03
5.336882812500000000e+03
5.642431640625000000e+03
5.628485839843750000e+03
5.345235351562500000e+03
5.199422851562500000e+03
5.485359863281250000e+03
5.360271484375000000e+03
5.278800292968750000e+03
5.126883789062500000e+03
5.400823242187500000e+03
5.284943359375000000e+03
5.010730957031250000e+03
4.944112304687500000e+03
5.267503906250000000e+03
5.148719238281250000e+03
4.987635742187500000e+03
4.880656250000000000e+03
5.108607421875000000e+03
5.037654296875000000e+03
4.885037597656250000e+03
4.777389648437500000e+03
5.097925781250000000e+03
5.028804687500000000e+03
4.806010742187500000e+03
4.709948242187500000e+03
5.032842285156250000e+03
4.943631347656250000e+03
4.750902343750000000e+03
4.662425781250000000e+03
5.006336914062500000e+03
4.883117187500000000e+03
4.664030273437500000e+03
4.568514648437500000e+03
4.946788574218750000e+03
4.829986328125000000e+03
4.614343750000000000e+03
4.489487304687500000e+03
4.870982421875000000e+03
4.795514160156250000e+03
4.564344726562500000e+03
4.430841796875000000e+03
4.865998046875000000e+03
4.757404296875000000e+03
4.484648925781250000e+03
4.374363281250000000e+03
4.811323730468750000e+03
4.729729980468750000e+03
4.409563476562500000e+03
4.308459472656250000e+03
4.808200195312500000e+03
4.704574707031250000e+03
4.387729492187500000e+03
4.266185546875000000e+03
4.784152343750000000e+03
4.701137695312500000e+03
4.345172851562500000e+03
4.228456054687500000e+03
4.775108398437500000e+03
4.697650390625000000e+03
4.360805175781250000e+03
4.200865234375000000e+03
4.754499023437500000e+03
4.704068359375000000e+03
4.304208984375000000e+03
4.133624023437500000e+03
4.724476562500000000e+03
4.751367187500000000e+03
4.310128906250000000e+03
4.115329101562500000e+03
4.716590820312500000e+03
4.745106933593750000e+03
4.414748535156250000e+03
4.145537109375000000e+03
4.677094726562500000e+03
4.720239746093750000e+03
4.496848632812500000e+03
4.180775390625000000e+03
4.584822753906250000e+03
4.645351562500000000e+03
4.540588867187500000e+03
4.264079589843750000e+03
4.498552246093750000e+03
4.468722656250000000e+03
4.443073242187500000e+03
4.280823242187500000e+03
4.441084960937500000e+03
4.321781738281250000e+03
4.263935546875000000e+03
4.252431152343750000e+03
4.400739257812500000e+03
4.189332519531250000e+03
4.146411132812500000e+03
4.110579101562500000e+03
4.349318847656250000e+03
4.210269042968750000e+03
4.132915527343750000e+03
4.054448486328125000e+03
4.219902832031250000e+03
4.129408203125000000e+03
4.170373046875000000e+03
4.011407714843750000e+03
4.172540039062500000e+03
4.078285644531250000e+03
4.111053222656250000e+03
3.994479248046875000e+03
4.163164062500000000e+03
4.019883056640625000e+03
4.022230957031250000e+03
3.935294433593750000e+03
4.132273437500000000e+03
4.020806396484375000e+03
3.968278564453125000e+03
3.869318115234375000e+03
4.121653320312500000e+03
4.006955078125000000e+03
3.925592285156250000e+03
3.818756835937500000e+03
4.113926757812500000e+03
4.006261718750000000e+03
3.894542480468750000e+03
3.781479980468750000e+03
4.091225585937500000e+03
3.990575195312500000e+03
3.847865478515625000e+03
3.750390380859375000e+03
4.061825439453125000e+03
3.971357421875000000e+03
3.837635009765625000e+03
3.719319824218750000e+03
4.080581054687500000e+03
3.959220703125000000e+03
3.772651855468750000e+03
3.679825683593750000e+03
4.045740722656250000e+03
3.964585449218750000e+03
3.710738769531250000e+03
3.640013671875000000e+03
4.063142089843750000e+03
3.936872558593750000e+03
3.676401123046875000e+03
3.589807617187500000e+03
4.077310058593750000e+03
3.961883789062500000e+03
3.626751464843750000e+03
3.562003173828125000e+03
4.076261474609375000e+03
3.943374755859375000e+03
3.608059570312500000e+03
3.525915039062500000e+03
4.061201660156250000e+03
3.936558837890625000e+03
3.620496582031250000e+03
3.509131835937500000e+03
4.036270751953125000e+03
3.914749755859375000e+03
3.579346435546875000e+03
3.474168945312500000e+03
4.028449218750000000e+03
3.931748779296875000e+03
3.560303222656250000e+03
3.439203125000000000e+03
4.031691406250000000e+03
3.944302246093750000e+03
3.508104003906250000e+03
3.419916015625000000e+03
4.078531250000000000e+03
3.933136718750000000e+03
3.478008789062500000e+03
3.371873046875000000e+03
4.073420166015625000e+03
3.935287109375000000e+03
3.476086914062500000e+03
3.356363281250000000e+03
4.059338623046875000e+03
3.954863281250000000e+03
3.491126464843750000e+03
3.345101074218750000e+03
4.045518066406250000e+03
3.964845214843750000e+03
3.531321777343750000e+03
3.333435058593750000e+03
4.045490234375000000e+03
3.985645507812500000e+03
3.559361328125000000e+03
3.374382080078125000e+03
4.032030273437500000e+03
4.016542968750000000e+03
3.705731445312500000e+03
3.431437500000000000e+03
3.986656738281250000e+03
4.034315673828125000e+03
3.785897949218750000e+03
3.446359863281250000e+03
3.973156250000000000e+03
4.001739746093750000e+03
3.825645996093750000e+03
3.535333496093750000e+03
3.905500732421875000e+03
3.912897460937500000e+03
3.779781494140625000e+03
3.569471191406250000e+03
3.848552001953125000e+03
3.749981445312500000e+03
3.708888671875000000e+03
3.575263183593750000e+03
3.800964111328125000e+03
3.661405273437500000e+03
3.553099365234375000e+03
3.472145507812500000e+03
3.745503906250000000e+03
3.606052246093750000e+03
3.505672363281250000e+03
3.384897949218750000e+03
3.682263427734375000e+03
3.583815429687500000e+03
3.508633544921875000e+03
3.381207763671875000e+03
3.626755859375000000e+03
3.526309814453125000e+03
3.467996582031250000e+03
3.361613769531250000e+03
3.588019287109375000e+03
3.444310058593750000e+03
3.431277343750000000e+03
3.300050537109375000e+03
3.575913085937500000e+03
3.434129394531250000e+03
3.399577636718750000e+03
3.305081542968750000e+03
3.534643066406250000e+03
3.410411376953125000e+03
3.374830078125000000e+03
3.259036132812500000e+03
3.511720214843750000e+03
3.386897949218750000e+03
3.360694580078125000e+03
3.261512451171875000e+03
3.485408935546875000e+03
3.379722656250000000e+03
3.336586669921875000e+03
3.225583496093750000e+03
3.506864257812500000e+03
3.380931640625000000e+03
3.323282714843750000e+03
3.189381591796875000e+03
3.453947021484375000e+03
3.365873535156250000e+03
3.268386718750000000e+03
3.166932128906250000e+03
3.462973144531250000e+03
3.347337890625000000e+03
3.273199218750000000e+03
3.161428955078125000e+03
3.445439453125000000e+03
3.348166015625000000e+03
3.236166259765625000e+03
3.124156494140625000e+03
3.472589355468750000e+03
3.333357666015625000e+03
3.211276611328125000e+03
3.109022216796875000e+03
3.468576660156250000e+03
3.330796630859375000e+03
3.183054443359375000e+03
3.077166503906250000e+03
3.440219970703125000e+03
3.328511962890625000e+03
3.154817382812500000e+03
3.074096435546875000e+03
3.437200195312500000e+03
3.319633056640625000e+03
3.149363281250000000e+03
3.047643798828125000e+03
3.431816894531250000e+03
3.312658203125000000e+03
3.151601318359375000e+03
3.038323730468750000e+03
3.425771972656250000e+03
3.312908691406250000e+03
3.127935546875000000e+03
3.029218017578125000e+03
3.423681152343750000e+03
3.300573730468750000e+03
3.102380371093750000e+03
3.013456542968750000e+03
3.419322998046875000e+03
3.312832031250000000e+03
3.077298095703125000e+03
2.985419433593750000e+03
3.401914306640625000e+03
3.292137451171875000e+03
3.076956054687500000e+03
2.961209228515625000e+03
3.407414062500000000e+03
3.302103759765625000e+03
3.047616699218750000e+03
2.936384765625000000e+03
3.416831054687500000e+03
3.288572509765625000e+03
3.038921142578125000e+03
2.919465087890625000e+03
3.432241210937500000e+03
3.292395507812500000e+03
3.027118896484375000e+03
2.890923339843750000e+03
3.404478027343750000e+03
3.284414306640625000e+03
3.006701660156250000e+03
2.898518554687500000e+03
3.407635253906250000e+03
3.310209472656250000e+03
2.986864257812500000e+03
2.856616455078125000e+03
3.429267822265625000e+03
3.281705322265625000e+03
2.970983398437500000e+03
2.858901123046875000e+03
3.439077636718750000e+03
3.312775878906250000e+03
2.938924316406250000e+03
2.831153320312500000e+03
3.421814941406250000e+03
3.287184570312500000e+03
2.958918457031250000e+03
2.835523193359375000e+03
3.410846191406250000e+03
3.292564453125000000e+03
2.950355224609375000e+03
2.815895019531250000e+03
3.386493652343750000e+03
3.302675292968750000e+03
2.987666503906250000e+03
2.825304687500000000e+03
3.405048095703125000e+03
3.330394531250000000e+03
2.991755126953125000e+03
2.813619140625000000e+03
3.402657958984375000e+03
3.325294433593750000e+03
3.037932373046875000e+03
2.823790527343750000e+03
3.421054687500000000e+03
3.391813964843750000e+03
3.036688964843750000e+03
2.819252441406250000e+03
3.399679687500000000e+03
3.340820800781250000e+03
3.180788330078125000e+03
2.891249511718750000e+03
3.361792968750000000e+03
3.369106201171875000e+03
3.169344970703125000e+03
2.905389648437500000e+03
3.317581542968750000e+03
3.278656738281250000e+03
3.219417724609375000e+03
2.972600585937500000e+03
3.277076416015625000e+03
3.217152832031250000e+03
3.113472412109375000e+03
2.928724365234375000e+03
3.254694335937500000e+03
3.131068847656250000e+03
3.100686767578125000e+03
2.939086669921875000e+03
3.187323486328125000e+03
3.091989990234375000e+03
2.977982910156250000e+03
2.853601074218750000e+03
3.192469726562500000e+03
3.063660644531250000e+03
2.985200683593750000e+03
2.841504394531250000e+03
3.126882568359375000e+03
3.003265380859375000e+03
2.973472900390625000e+03
2.829680175781250000e+03
3.119540039062500000e+03
3.012563476562500000e+03
2.950329101562500000e+03
2.812337890625000000e+03
3.061076660156250000e+03
2.979828613281250000e+03
2.934397460937500000e+03
2.790493652343750000e+03
3.062766845703125000e+03
2.957289062500000000e+03
2.902647705078125000e+03
2.774434570312500000e+03
3.056386230468750000e+03
2.934858642578125000e+03
2.893686279296875000e+03
2.767904296875000000e+03
3.060726806640625000e+03
2.941542236328125000e+03
2.864906494140625000e+03
2.753635986328125000e+03
3.047721191406250000e+03
2.925330322265625000e+03
2.867358886718750000e+03
2.753847167968750000e+03
3.039365722656250000e+03
2.909527832031250000e+03
2.843419921875000000e+03
2.726287841796875000e+03
3.037916259765625000e+03
2.907818603515625000e+03
2.820737060546875000e+03
2.714236328125000000e+03
3.023352050781250000e+03
2.904052490234375000e+03
2.797278320312500000e+03
2.686104980468750000e+03
3.031983642578125000e+03
2.902242919921875000e+03
2.775784667968750000e+03
2.658885742187500000e+03
3.028473388671875000e+03
2.901747558593750000e+03
2.764199951171875000e+03
2.663597412109375000e+03
3.019621093750000000e+03
2.903607910156250000e+03
2.757699218750000000e+03
2.638120117187500000e+03
3.025958740234375000e+03
2.895345458984375000e+03
2.739877685546875000e+03
2.614530761718750000e+03
3.011608886718750000e+03
2.897535156250000000e+03
2.731215087890625000e+03
2.617103027343750000e+03
3.018704101562500000e+03
2.901584228515625000e+03
2.726193847656250000e+03
2.612196289062500000e+03
3.017318359375000000e+03
2.866904541015625000e+03
2.722359863281250000e+03
2.590707763671875000e+03
3.012245117187500000e+03
2.899217773437500000e+03
2.711370117187500000e+03
2.584861572265625000e+03
3.008962402343750000e+03
2.861799804687500000e+03
2.694299316406250000e+03
2.564185791015625000e+03
2.987117431640625000e+03
2.874353515625000000e+03
2.688546875000000000e+03
2.562813232421875000e+03
2.979728271484375000e+03
2.857641845703125000e+03
2.699359375000000000e+03
2.577684326171875000e+03
2.967755371093750000e+03
2.857588623046875000e+03
2.680296386718750000e+03
2.568839355468750000e+03
2.959699218750000000e+03
2.846636962890625000e+03
2.680959472656250000e+03
2.577398925781250000e+03
2.941612792968750000e+03
2.828006347656250000e+03
2.673276855468750000e+03
2.551665283203125000e+03
2.953302734375000000e+03
2.814471191406250000e+03
2.653916992187500000e+03
2.517072998046875000e+03
2.946981445312500000e+03
2.824211914062500000e+03
2.633544921875000000e+03
2.517407226562500000e+03
2.927825683593750000e+03
2.795284912109375000e+03
2.651265136718750000e+03
2.521579101562500000e+03
2.918044921875000000e+03
2.800309082031250000e+03
2.634954589843750000e+03
2.506492187500000000e+03
2.929470458984375000e+03
2.801505859375000000e+03
2.619002197265625000e+03
2.508874023437500000e+03
2.913190429687500000e+03
2.768455078125000000e+03
2.627218261718750000e+03
2.492410156250000000e+03
2.897786621093750000e+03
2.784455566406250000e+03
2.593426757812500000e+03
2.481020507812500000e+03
2.912932373046875000e+03
2.800397949218750000e+03
2.623610839843750000e+03
2.476272705078125000e+03
2.920090332031250000e+03
2.796892089843750000e+03
2.615576660156250000e+03
2.471003906250000000e+03
2.907129394531250000e+03
2.800232421875000000e+03
2.613675292968750000e+03
2.460965087890625000e+03
2.927167480468750000e+03
2.818169189453125000e+03
2.629062988281250000e+03
2.451003906250000000e+03
2.937116455078125000e+03
2.846334960937500000e+03
2.657520263671875000e+03
2.462774169921875000e+03
2.936026855468750000e+03
2.821932128906250000e+03
2.680404541015625000e+03
2.462228027343750000e+03
2.902297851562500000e+03
2.839268554687500000e+03
2.699690673828125000e+03
2.487089355468750000e+03
2.882968505859375000e+03
2.817801269531250000e+03
2.719749511718750000e+03
2.506620605468750000e+03
2.874585693359375000e+03
2.802819335937500000e+03
2.750244873046875000e+03
2.528713867187500000e+03
2.837493652343750000e+03
2.770227539062500000e+03
2.734645751953125000e+03
2.536415527343750000e+03
2.836448486328125000e+03
2.752356445312500000e+03
2.726213378906250000e+03
2.542615234375000000e+03
2.799467773437500000e+03
2.682301513671875000e+03
2.685842773437500000e+03
2.540369140625000000e+03
2.789855712890625000e+03
2.667979492187500000e+03
2.616092529296875000e+03
2.509311523437500000e+03
2.752286621093750000e+03
2.622418457031250000e+03
2.606979003906250000e+03
2.480952148437500000e+03
2.745187988281250000e+03
2.601249267578125000e+03
2.575869873046875000e+03
2.460805664062500000e+03
2.714059814453125000e+03
2.598498535156250000e+03
2.567745361328125000e+03
2.426300292968750000e+03
2.702194335937500000e+03
2.596318847656250000e+03
2.547556152343750000e+03
2.430253173828125000e+03
2.691979248046875000e+03
2.575080566406250000e+03
2.551573486328125000e+03
2.429307617187500000e+03
2.681151855468750000e+03
2.581702392578125000e+03
2.534816894531250000e+03
2.413373535156250000e+03
2.672082519531250000e+03
2.547923095703125000e+03
2.544009033203125000e+03
2.407044921875000000e+03
2.642631347656250000e+03
2.524396484375000000e+03
2.535730468750000000e+03
2.417261718750000000e+03
2.639667968750000000e+03
2.512939941406250000e+03
2.541961425781250000e+03
2.419344726562500000e+03
2.620158203125000000e+03
2.516857910156250000e+03
2.527769042968750000e+03
2.387297363281250000e+03
2.624665039062500000e+03
2.494845703125000000e+03
2.505595214843750000e+03
2.389795654296875000e+03
2.634514648437500000e+03
2.496692138671875000e+03
2.505483642578125000e+03
2.383670410156250000e+03
2.616500000000000000e+03
2.506038085937500000e+03
2.502035156250000000e+03
2.371164062500000000e+03
2.619631347656250000e+03
2.499044921875000000e+03
2.476852539062500000e+03
2.347663574218750000e+03
2.624670898437500000e+03
2.491786132812500000e+03
2.466709716796875000e+03
2.350431396484375000e+03
2.632499511718750000e+03
2.498008300781250000e+03
2.472100097656250000e+03
2.347697509765625000e+03
2.608168945312500000e+03
2.481520751953125000e+03
2.462924316406250000e+03
2.343763183593750000e+03
2.603323974609375000e+03
2.472706054687500000e+03
2.459740722656250000e+03
2.355283935546875000e+03
2.608063476562500000e+03
2.461487304687500000e+03
2.460307128906250000e+03
2.330380859375000000e+03
2.597886474609375000e+03
2.453459716796875000e+03
2.439685791015625000e+03
2.322109375000000000e+03
2.579469238281250000e+03
2.458599853515625000e+03
2.436705322265625000e+03
2.335143554687500000e+03
2.564124023437500000e+03
2.447910156250000000e+03
2.428816650390625000e+03
2.318118164062500000e+03
2.556345214843750000e+03
2.440657226562500000e+03
2.437240722656250000e+03
2.322606933593750000e+03
2.546916015625000000e+03
2.416391845703125000e+03
2.441988769531250000e+03
2.324866699218750000e+03
2.537879882812500000e+03
2.424889648437500000e+03
2.436318847656250000e+03
2.308361816406250000e+03
2.540604492187500000e+03
2.430357421875000000e+03
2.427427978515625000e+03
2.280439697265625000e+03
2.536530273437500000e+03
2.416949218750000000e+03
2.413517578125000000e+03
2.281476806640625000e+03
2.549333984375000000e+03
2.404276367187500000e+03
2.407761230468750000e+03
2.282313964843750000e+03
2.531913574218750000e+03
2.414732666015625000e+03
2.388094482421875000e+03
2.284130371093750000e+03
2.531158203125000000e+03
2.408419921875000000e+03
2.391521972656250000e+03
2.267032470703125000e+03
2.512487792968750000e+03
2.399415039062500000e+03
2.394424804687500000e+03
2.270088378906250000e+03
2.521960937500000000e+03
2.399248535156250000e+03
2.382193847656250000e+03
2.269145507812500000e+03
2.539724609375000000e+03
2.390797363281250000e+03
2.374757080078125000e+03
2.244677734375000000e+03
2.530883056640625000e+03
2.411894042968750000e+03
2.358736816406250000e+03
2.233451416015625000e+03
2.529308837890625000e+03
2.399166748046875000e+03
2.349461914062500000e+03
2.218325683593750000e+03
2.535562500000000000e+03
2.402930908203125000e+03
2.353309082031250000e+03
2.227612304687500000e+03
2.516777343750000000e+03
2.384250488281250000e+03
2.336068359375000000e+03
2.217530761718750000e+03
2.514206542968750000e+03
2.394999511718750000e+03
2.320994140625000000e+03
2.207601074218750000e+03
2.519323242187500000e+03
2.394176269531250000e+03
2.326785644531250000e+03
2.220714355468750000e+03
2.508044921875000000e+03
2.383800781250000000e+03
2.332889160156250000e+03
2.193703613281250000e+03
2.497738281250000000e+03
2.380093750000000000e+03
2.334983398437500000e+03
2.192317382812500000e+03
2.502686279296875000e+03
2.378821533203125000e+03
2.331601074218750000e+03
2.180794433593750000e+03
2.505128906250000000e+03
2.376672851562500000e+03
2.332606933593750000e+03
2.197136230468750000e+03
2.500499023437500000e+03
2.382737304687500000e+03
2.349566406250000000e+03
2.204367187500000000e+03
2.490969238281250000e+03
2.363616210937500000e+03
2.342980468750000000e+03
2.210462402343750000e+03
2.465205566406250000e+03
2.359759277343750000e+03
2.352061035156250000e+03
2.208760498046875000e+03
2.457156494140625000e+03
2.334052246093750000e+03
2.349128173828125000e+03
2.202144531250000000e+03
2.458330566406250000e+03
2.330766113281250000e+03
2.342943359375000000e+03
2.217580566406250000e+03
2.457705566406250000e+03
2.330761230468750000e+03
2.327306396484375000e+03
2.212491699218750000e+03
2.430983886718750000e+03
2.321511230468750000e+03
2.317390625000000000e+03
2.177550781250000000e+03
2.424429199218750000e+03
2.306902587890625000e+03
2.320584716796875000e+03
2.193668212890625000e+03
2.418147460937500000e+03
2.296053222656250000e+03
2.311709228515625000e+03
2.175833984375000000e+03
2.417542480468750000e+03
2.294460693359375000e+03
2.298124023437500000e+03
2.173812988281250000e+03
2.401604980468750000e+03
2.269761230468750000e+03
2.312320800781250000e+03
2.178845947265625000e+03
2.402749755859375000e+03
2.272078857421875000e+03
2.319185058593750000e+03
2.174031250000000000e+03
2.391669189453125000e+03
2.266383300781250000e+03
2.316536621093750000e+03
2.169993164062500000e+03
2.369612304687500000e+03
2.251790771484375000e+03
2.291133300781250000e+03
2.167738769531250000e+03
2.369979492187500000e+03
2.246964843750000000e+03
2.290076416015625000e+03
2.170498046875000000e+03
2.367303466796875000e+03
2.242436523437500000e+03
2.282987304687500000e+03
2.157462890625000000e+03
2.367133544921875000e+03
2.223281738281250000e+03
2.286641113281250000e+03
2.157523437500000000e+03
2.365536132812500000e+03
2.233150634765625000e+03
2.278504394531250000e+03
2.140338378906250000e+03
2.370672119140625000e+03
2.230808837890625000e+03
2.261974121093750000e+03
2.146068847656250000e+03
2.357190917968750000e+03
2.221980468750000000e+03
2.263544433593750000e+03
2.132427246093750000e+03
2.353765136718750000e+03
2.222513916015625000e+03
2.255160888671875000e+03
2.122136962890625000e+03
2.354213867187500000e+03
2.230605957031250000e+03
2.235853515625000000e+03
2.114777832031250000e+03
2.344504882812500000e+03
2.221589599609375000e+03
2.245687011718750000e+03
2.110446777343750000e+03
2.345857910156250000e+03
2.209170898437500000e+03
2.236945556640625000e+03
2.109979736328125000e+03
2.329389892578125000e+03
2.199984619140625000e+03
2.238088623046875000e+03
2.110791748046875000e+03
2.331144531250000000e+03
2.193988281250000000e+03
2.250563476562500000e+03
2.112283203125000000e+03
2.323048828125000000e+03
2.199028320312500000e+03
2.226016357421875000e+03
2.103962890625000000e+03
2.326197753906250000e+03
2.201003662109375000e+03
2.227857910156250000e+03
2.091283691406250000e+03
2.332454101562500000e+03
2.187791992187500000e+03
2.218557128906250000e+03
2.079853271484375000e+03
2.320915039062500000e+03
2.186219238281250000e+03
2.213404052734375000e+03
2.081627685546875000e+03
2.308067871093750000e+03
2.178644042968750000e+03
2.216841796875000000e+03
2.098363037109375000e+03
2.304051269531250000e+03
2.184625000000000000e+03
2.220578613281250000e+03
2.083328613281250000e+03
2.308076660156250000e+03
2.173973144531250000e+03
2.223115234375000000e+03
2.076792968750000000e+03
2.313004394531250000e+03
2.182916015625000000e+03
2.221582031250000000e+03
2.081490966796875000e+03
2.319130859375000000e+03
2.170588134765625000e+03
2.219125732421875000e+03
2.076344726562500000e+03
2.309821289062500000e+03
2.174572509765625000e+03
2.208916992187500000e+03
2.076716796875000000e+03
2.299601074218750000e+03
2.159452636718750000e+03
2.206983154296875000e+03
2.098083740234375000e+03
2.302054931640625000e+03
2.162996826171875000e+03
2.187262695312500000e+03
2.070331054687500000e+03
2.284395019531250000e+03
2.149857910156250000e+03
2.189941650390625000e+03
2.060856933593750000e+03
2.281686523437500000e+03
2.157702392578125000e+03
2.197918212890625000e+03
2.056299316406250000e+03
2.271470947265625000e+03
2.143674316406250000e+03
2.200302246093750000e+03
2.054729736328125000e+03
2.259376464843750000e+03
2.137507812500000000e+03
2.188320312500000000e+03
2.049343261718750000e+03
2.256481689453125000e+03
2.144275878906250000e+03
2.187816894531250000e+03
2.041149902343750000e+03
2.266274414062500000e+03
2.115196044921875000e+03
2.197235839843750000e+03
2.066697265625000000e+03
2.267763671875000000e+03
2.136436767578125000e+03
2.209788574218750000e+03
2.069887207031250000e+03
2.246721679687500000e+03
2.132754150390625000e+03
2.222009765625000000e+03
2.068424316406250000e+03
2.263411132812500000e+03
2.132595214843750000e+03
2.219255615234375000e+03
2.058191894531250000e+03
2.264575195312500000e+03
2.149507324218750000e+03
2.245745117187500000e+03
2.071322509765625000e+03
2.284202636718750000e+03
2.156093750000000000e+03
2.272183593750000000e+03
2.084448242187500000e+03
2.294632812500000000e+03
2.159945800781250000e+03
2.277262207031250000e+03
2.118000244140625000e+03
2.324998291015625000e+03
2.177746093750000000e+03
2.322694091796875000e+03
2.132096435546875000e+03
2.362525634765625000e+03
2.174993164062500000e+03
2.344528320312500000e+03
2.171494873046875000e+03
2.352378906250000000e+03
2.192254394531250000e+03
2.371580810546875000e+03
2.199800537109375000e+03
2.331143310546875000e+03
2.193266601562500000e+03
2.361720214843750000e+03
2.169354492187500000e+03
2.349150390625000000e+03
2.200754394531250000e+03
2.363815917968750000e+03
2.180577636718750000e+03
2.337853759765625000e+03
2.194088867187500000e+03
2.382316894531250000e+03
2.195240966796875000e+03
2.341199951171875000e+03
2.188208496093750000e+03
2.388540039062500000e+03
2.205281494140625000e+03
2.332895996093750000e+03
2.179985595703125000e+03
2.358406982421875000e+03
2.198493408203125000e+03
2.332421142578125000e+03
2.161823242187500000e+03
2.340186279296875000e+03
2.197544921875000000e+03
2.311824707031250000e+03
2.140292236328125000e+03
2.325984619140625000e+03
2.160870117187500000e+03
2.304687255859375000e+03
2.146384765625000000e+03
2.311556152343750000e+03
2.144950683593750000e+03
2.263677978515625000e+03
2.133083496093750000e+03
2.326858154296875000e+03
2.144751953125000000e+03
2.258021972656250000e+03
2.116303222656250000e+03
2.325596679687500000e+03
2.154489257812500000e+03
2.267687500000000000e+03
2.117680664062500000e+03
2.323767822265625000e+03
2.143132812500000000e+03
2.263996337890625000e+03
2.122334472656250000e+03
2.316331298828125000e+03
2.149192382812500000e+03
2.282511718750000000e+03
2.124148681640625000e+03
2.286177246093750000e+03
2.130324707031250000e+03
2.260156738281250000e+03
2.097059326171875000e+03
2.253289794921875000e+03
2.113694824218750000e+03
2.261333984375000000e+03
2.097177246093750000e+03
2.279415771484375000e+03
2.125699462890625000e+03
2.228852539062500000e+03
2.097283203125000000e+03
2.310664062500000000e+03
2.127147460937500000e+03
2.229839355468750000e+03
2.103809570312500000e+03
2.344810791015625000e+03
2.138157470703125000e+03
2.261851074218750000e+03
2.122499511718750000e+03
2.352189697265625000e+03
2.154990722656250000e+03
2.289987060546875000e+03
2.124199707031250000e+03
2.327929931640625000e+03
2.153072265625000000e+03
2.305026611328125000e+03
2.118068603515625000e+03
2.318718750000000000e+03
2.182983398437500000e+03
2.296185546875000000e+03
2.091726562500000000e+03
2.333445312500000000e+03
2.194990478515625000e+03
2.289766113281250000e+03
2.085192871093750000e+03
2.434575195312500000e+03
2.248194335937500000e+03
2.255352050781250000e+03
2.058975585937500000e+03
2.597597900390625000e+03
2.347905273437500000e+03
2.312080078125000000e+03
2.124437255859375000e+03
2.627460937500000000e+03
2.384652832031250000e+03
2.325862304687500000e+03
2.145338623046875000e+03
2.541016357421875000e+03
2.341689453125000000e+03
2.451992187500000000e+03
2.207755371093750000e+03
2.422731689453125000e+03
2.263049560546875000e+03
2.524468750000000000e+03
2.246506103515625000e+03
2.432967773437500000e+03
2.273700927734375000e+03
2.536053222656250000e+03
2.241304687500000000e+03
2.514121093750000000e+03
2.321716064453125000e+03
2.503194580078125000e+03
2.259910644531250000e+03
2.565808593750000000e+03
2.339302734375000000e+03
2.498666503906250000e+03
2.295410888671875000e+03
2.531936767578125000e+03
2.304018066406250000e+03
2.467906738281250000e+03
2.270980957031250000e+03
2.476403320312500000e+03
2.277379882812500000e+03
2.480527587890625000e+03
2.267466552734375000e+03
2.473862060546875000e+03
2.272066162109375000e+03
2.485694824218750000e+03
2.258946777343750000e+03
2.461026367187500000e+03
2.254332031250000000e+03
2.525324707031250000e+03
2.294331542968750000e+03
2.428995117187500000e+03
2.255463867187500000e+03
2.461812500000000000e+03
2.252104248046875000e+03
2.420549804687500000e+03
2.251206054687500000e+03
2.405005371093750000e+03
2.205163085937500000e+03
2.346430175781250000e+03
2.190054687500000000e+03
2.293921875000000000e+03
2.130003906250000000e+03
2.328398681640625000e+03
2.153393798828125000e+03
2.279166015625000000e+03
2.102914306640625000e+03
2.319900634765625000e+03
2.152636718750000000e+03
2.318389892578125000e+03
2.109697753906250000e+03
2.350612304687500000e+03
2.173803222656250000e+03
2.390201660156250000e+03
2.126363769531250000e+03
2.434086914062500000e+03
2.263186279296875000e+03
2.404020019531250000e+03
2.141989990234375000e+03
2.468107910156250000e+03
2.294842773437500000e+03
2.363570068359375000e+03
2.131367431640625000e+03
2.463469482421875000e+03
2.290031982421875000e+03
2.359249023437500000e+03
2.128756835937500000e+03
2.517389648437500000e+03
2.306389160156250000e+03
2.341184082031250000e+03
2.143691162109375000e+03
2.529110839843750000e+03
2.308695312500000000e+03
2.334767822265625000e+03
2.144139648437500000e+03
2.523526855468750000e+03
2.278357910156250000e+03
2.389311523437500000e+03
2.180227050781250000e+03
2.455579345703125000e+03
2.264738281250000000e+03
2.383329833984375000e+03
2.169236572265625000e+03
2.403775390625000000e+03
2.235825683593750000e+03
2.397104492187500000e+03
2.161983886718750000e+03
2.365224609375000000e+03
2.215031982421875000e+03
2.363583984375000000e+03
2.105741210937500000e+03
2.461084472656250000e+03
2.275595947265625000e+03
2.380470458984375000e+03
2.107454101562500000e+03
2.582489257812500000e+03
2.363094482421875000e+03
2.445953125000000000e+03
2.157066162109375000e+03
2.678577148437500000e+03
2.441020996093750000e+03
2.470042724609375000e+03
2.221219970703125000e+03
2.612814453125000000e+03
2.376370117187500000e+03
2.428095947265625000e+03
2.204197509765625000e+03
2.595145507812500000e+03
2.384005859375000000e+03
2.338719482421875000e+03
2.126300048828125000e+03
2.535095214843750000e+03
2.353947021484375000e+03
2.404579589843750000e+03
2.157063476562500000e+03
2.451012939453125000e+03
2.248648925781250000e+03
2.585484375000000000e+03
2.245965576171875000e+03
2.465413574218750000e+03
2.265765136718750000e+03
2.746473144531250000e+03
2.398725097656250000e+03
2.512907714843750000e+03
2.362145263671875000e+03
2.604830810546875000e+03
2.300628417968750000e+03
2.560264160156250000e+03
2.373733886718750000e+03
2.444966796875000000e+03
2.218538818359375000e+03
2.578074951171875000e+03
2.362229003906250000e+03
2.420220214843750000e+03
2.176938964843750000e+03
2.486428710937500000e+03
2.279245849609375000e+03
2.481960205078125000e+03
2.220029296875000000e+03
2.531875976562500000e+03
2.295760009765625000e+03
2.519854003906250000e+03
2.293092773437500000e+03
2.547250976562500000e+03
2.294130859375000000e+03
2.541318359375000000e+03
2.327708251953125000e+03
2.536877929687500000e+03
2.334265625000000000e+03
2.379939697265625000e+03
2.212708984375000000e+03
2.498997558593750000e+03
2.304449707031250000e+03
2.312791015625000000e+03
2.098733886718750000e+03
2.482740234375000000e+03
2.307130371093750000e+03
2.312535888671875000e+03
2.067417480468750000e+03
2.412768066406250000e+03
2.270577880859375000e+03
2.344990234375000000e+03
2.069726562500000000e+03
2.446409667968750000e+03
2.239076660156250000e+03
2.415363769531250000e+03
2.142579589843750000e+03
2.498173095703125000e+03
2.269116210937500000e+03
2.550262939453125000e+03
2.248225830078125000e+03
2.606660644531250000e+03
2.368392578125000000e+03
2.488152343750000000e+03
2.192669433593750000e+03
2.693565429687500000e+03
2.481687011718750000e+03
2.401179687500000000e+03
2.137210449218750000e+03
2.620721191406250000e+03
2.446629394531250000e+03
2.345229492187500000e+03
2.089090332031250000e+03
2.583688720703125000e+03
2.405588134765625000e+03
2.271026855468750000e+03
2.030640136718750000e+03
2.553252441406250000e+03
2.364882080078125000e+03
2.296844726562500000e+03
