2.088168125000000000e+05
2.080439062500000000e+05
2.060852812500000000e+05
2.085239687500000000e+05
2.081575156250000000e+05
2.091898593750000000e+05
2.135714375000000000e+05
2.130080312500000000e+05
2.146257031250000000e+05
2.146179843750000000e+05
2.138297031250000000e+05
2.144775937500000000e+05
2.075605937500000000e+05
2.091661562500000000e+05
2.110445468750000000e+05
2.154354531250000000e+05
2.136051875000000000e+05
2.226106093750000000e+05
2.257218750000000000e+05
2.098986718750000000e+05
2.262714687500000000e+05
2.217514687500000000e+05
2.234696093750000000e+05
2.282091250000000000e+05
2.110626250000000000e+05
2.144497031250000000e+05
2.173464218750000000e+05
2.111192343750000000e+05
2.238544375000000000e+05
2.294042031250000000e+05
2.170814531250000000e+05
2.208902500000000000e+05
2.177729843750000000e+05
2.231150468750000000e+05
2.237239843750000000e+05
2.137182500000000000e+05
2.117908125000000000e+05
2.147671406250000000e+05
2.132274375000000000e+05
2.123734687500000000e+05
2.093104062500000000e+05
2.147783281250000000e+05
2.123630312500000000e+05
2.097562812500000000e+05
2.080169375000000000e+05
2.107406093750000000e+05
2.103778125000000000e+05
2.183599218750000000e+05
2.148385625000000000e+05
2.107776875000000000e+05
2.087570468750000000e+05
2.087677031250000000e+05
2.101455000000000000e+05
2.119299687500000000e+05
2.094224062500000000e+05
2.074755156250000000e+05
2.079290156250000000e+05
2.093228437500000000e+05
2.107231718750000000e+05
2.134492968750000000e+05
2.108881718750000000e+05
2.095582812500000000e+05
2.068232656250000000e+05
2.060783125000000000e+05
2.083587968750000000e+05
2.094316250000000000e+05
2.082009218750000000e+05
2.091426718750000000e+05
2.084351093750000000e+05
2.065466875000000000e+05
2.075948281250000000e+05
2.096165781250000000e+05
2.064332500000000000e+05
2.089399531250000000e+05
2.069994062500000000e+05
2.065390781250000000e+05
2.069483750000000000e+05
2.063271250000000000e+05
2.060869375000000000e+05
2.060675156250000000e+05
2.071127031250000000e+05
2.074522031250000000e+05
2.072911562500000000e+05
2.076941093750000000e+05
2.078305625000000000e+05
2.063943750000000000e+05
2.059526406250000000e+05
2.068313593750000000e+05
2.059840468750000000e+05
2.047440625000000000e+05
2.033697812500000000e+05
2.084455000000000000e+05
2.049096562500000000e+05
2.062002968750000000e+05
2.067467500000000000e+05
2.050710156250000000e+05
2.075464531250000000e+05
2.058395625000000000e+05
2.049327968750000000e+05
2.037615937500000000e+05
2.056016406250000000e+05
2.059601718750000000e+05
2.052467656250000000e+05
2.063719531250000000e+05
2.058522343750000000e+05
2.059051250000000000e+05
2.060997968750000000e+05
2.062171718750000000e+05
2.052409062500000000e+05
2.059576875000000000e+05
2.074734375000000000e+05
2.064685625000000000e+05
2.041495000000000000e+05
2.038784062500000000e+05
2.046200312500000000e+05
2.050098125000000000e+05
2.050576562500000000e+05
2.058937031250000000e+05
2.051907812500000000e+05
2.043959218750000000e+05
2.028826875000000000e+05
2.054219687500000000e+05
2.055337187500000000e+05
2.068046875000000000e+05
2.048003125000000000e+05
2.051978593750000000e+05
2.038047500000000000e+05
2.052135781250000000e+05
2.029866250000000000e+05
2.046416718750000000e+05
2.028682187500000000e+05
2.063370625000000000e+05
2.045976406250000000e+05
2.066646093750000000e+05
2.032890468750000000e+05
2.038273437500000000e+05
2.047909375000000000e+05
2.041135937500000000e+05
2.029028125000000000e+05
2.035845156250000000e+05
2.031483593750000000e+05
2.029924062500000000e+05
2.057788125000000000e+05
2.031440312500000000e+05
2.050457812500000000e+05
2.052421562500000000e+05
2.046934375000000000e+05
2.073242656250000000e+05
2.063790937500000000e+05
2.039247656250000000e+05
2.026659843750000000e+05
2.055066875000000000e+05
2.039851406250000000e+05
2.037258750000000000e+05
2.036123906250000000e+05
2.051283437500000000e+05
2.043227968750000000e+05
2.051775468750000000e+05
2.029591562500000000e+05
2.043851875000000000e+05
2.037709218750000000e+05
2.030403437500000000e+05
2.041415937500000000e+05
2.030439375000000000e+05
2.045671718750000000e+05
2.053869687500000000e+05
2.025158281250000000e+05
2.053789218750000000e+05
2.054252656250000000e+05
2.045985312500000000e+05
2.014448906250000000e+05
2.060885625000000000e+05
2.038291406250000000e+05
2.052336093750000000e+05
2.026855468750000000e+05
2.049199687500000000e+05
2.018055937500000000e+05
2.059944218750000000e+05
2.037752812500000000e+05
2.055057656250000000e+05
2.035685937500000000e+05
2.023517187500000000e+05
2.036393750000000000e+05
2.041556093750000000e+05
2.061555156250000000e+05
2.066719843750000000e+05
2.046249218750000000e+05
2.052585468750000000e+05
2.040871875000000000e+05
2.031895625000000000e+05
2.028766718750000000e+05
2.029042656250000000e+05
2.036468906250000000e+05
2.038798593750000000e+05
2.045412500000000000e+05
2.030794687500000000e+05
2.022258593750000000e+05
2.038459531250000000e+05
2.007707812500000000e+05
2.036178125000000000e+05
2.022983281250000000e+05
2.038458750000000000e+05
2.040481875000000000e+05
2.029347968750000000e+05
2.027550937500000000e+05
2.039706875000000000e+05
2.016843125000000000e+05
2.019602187500000000e+05
2.028021093750000000e+05
2.024677187500000000e+05
2.017778750000000000e+05
2.026360625000000000e+05
2.047903281250000000e+05
2.040734843750000000e+05
2.031005625000000000e+05
2.026229375000000000e+05
2.044723437500000000e+05
2.021840156250000000e+05
2.026221250000000000e+05
2.037801718750000000e+05
2.017619687500000000e+05
2.051936093750000000e+05
2.035752812500000000e+05
2.027068125000000000e+05
2.060253593750000000e+05
2.042078750000000000e+05
2.017178281250000000e+05
2.049475156250000000e+05
2.044614062500000000e+05
2.033001718750000000e+05
2.037721406250000000e+05
2.028370468750000000e+05
2.045186718750000000e+05
2.026097187500000000e+05
2.021698593750000000e+05
2.000833906250000000e+05
2.025351250000000000e+05
2.051179062500000000e+05
2.048378750000000000e+05
2.040370468750000000e+05
2.048608281250000000e+05
2.026768437500000000e+05
2.055449531250000000e+05
2.043143437500000000e+05
2.059049062500000000e+05
2.038970312500000000e+05
2.031863750000000000e+05
2.016083593750000000e+05
2.031231562500000000e+05
2.028107187500000000e+05
2.032589375000000000e+05
2.051688125000000000e+05
2.029408437500000000e+05
2.044146562500000000e+05
2.037891562500000000e+05
2.046336875000000000e+05
2.031455625000000000e+05
2.020176875000000000e+05
2.034143281250000000e+05
2.018163125000000000e+05
2.047549687500000000e+05
2.028014687500000000e+05
2.027686093750000000e+05
2.038897343750000000e+05
2.033260937500000000e+05
2.034930156250000000e+05
2.024267187500000000e+05
2.038770781250000000e+05
2.021027031250000000e+05
2.024801093750000000e+05
2.015032343750000000e+05
2.013051875000000000e+05
2.062360156250000000e+05
2.034278281250000000e+05
2.019965468750000000e+05
2.038151250000000000e+05
2.044635000000000000e+05
2.037103125000000000e+05
2.026313437500000000e+05
2.020759062500000000e+05
2.028823750000000000e+05
2.013573125000000000e+05
2.024126250000000000e+05
2.020165156250000000e+05
2.024806093750000000e+05
2.048035000000000000e+05
2.046604687500000000e+05
2.015107031250000000e+05
2.027084531250000000e+05
2.048700625000000000e+05
2.043077812500000000e+05
2.037402343750000000e+05
2.027051718750000000e+05
2.036252031250000000e+05
2.050012656250000000e+05
2.013125312500000000e+05
2.024235625000000000e+05
2.039885625000000000e+05
2.049290156250000000e+05
2.021608906250000000e+05
2.034550000000000000e+05
2.030154218750000000e+05
2.013527812500000000e+05
2.033265468750000000e+05
2.035876562500000000e+05
2.033959062500000000e+05
2.023870156250000000e+05
2.041935312500000000e+05
2.022277343750000000e+05
2.022475468750000000e+05
2.018445000000000000e+05
2.021852968750000000e+05
2.041877031250000000e+05
2.034937656250000000e+05
2.016832812500000000e+05
2.028120468750000000e+05
2.034635156250000000e+05
2.020905781250000000e+05
2.018357187500000000e+05
2.010671562500000000e+05
2.030993281250000000e+05
2.027820312500000000e+05
2.020417968750000000e+05
2.020239062500000000e+05
2.015854218750000000e+05
2.033109843750000000e+05
2.054975468750000000e+05
2.041571562500000000e+05
2.021919375000000000e+05
2.035883593750000000e+05
2.018995156250000000e+05
2.048449062500000000e+05
2.005486406250000000e+05
2.011200156250000000e+05
2.029365781250000000e+05
2.031870937500000000e+05
2.039182968750000000e+05
2.014086250000000000e+05
2.012489843750000000e+05
2.029029218750000000e+05
2.033156250000000000e+05
2.033159062500000000e+05
2.021367968750000000e+05
2.011674843750000000e+05
2.023703125000000000e+05
2.036958906250000000e+05
2.031766718750000000e+05
2.038351250000000000e+05
2.022804375000000000e+05
2.024277343750000000e+05
2.019292343750000000e+05
2.027467500000000000e+05
2.018111406250000000e+05
2.016360781250000000e+05
2.022242968750000000e+05
2.039118750000000000e+05
2.021067812500000000e+05
2.001867187500000000e+05
2.025247656250000000e+05
2.030516250000000000e+05
2.011945781250000000e+05
2.042400625000000000e+05
2.017798125000000000e+05
2.022235937500000000e+05
2.022394218750000000e+05
2.028061093750000000e+05
2.015861718750000000e+05
2.036464218750000000e+05
2.007758125000000000e+05
2.034862500000000000e+05
2.044946250000000000e+05
2.051592187500000000e+05
2.024694687500000000e+05
2.019102656250000000e+05
2.014673906250000000e+05
2.018498125000000000e+05
2.008953437500000000e+05
2.047442343750000000e+05
2.024902343750000000e+05
2.004594062500000000e+05
2.029518750000000000e+05
2.010305156250000000e+05
2.000355625000000000e+05
2.032839218750000000e+05
2.033628125000000000e+05
2.007068281250000000e+05
2.032464531250000000e+05
2.005030937500000000e+05
2.031548437500000000e+05
2.037217500000000000e+05
2.033407500000000000e+05
2.027702656250000000e+05
2.011790000000000000e+05
2.033491718750000000e+05
2.014239375000000000e+05
2.013063125000000000e+05
2.021504062500000000e+05
2.038053281250000000e+05
2.003769687500000000e+05
2.004690781250000000e+05
2.030215000000000000e+05
2.035731562500000000e+05
2.023449062500000000e+05
2.015786718750000000e+05
2.031914843750000000e+05
2.035853125000000000e+05
2.035900781250000000e+05
2.005045312500000000e+05
2.053631093750000000e+05
2.012577187500000000e+05
2.029140156250000000e+05
2.015301406250000000e+05
2.027857187500000000e+05
2.033094218750000000e+05
2.024628281250000000e+05
2.020814843750000000e+05
2.029630000000000000e+05
2.035069687500000000e+05
2.012928437500000000e+05
2.028262187500000000e+05
2.027524062500000000e+05
2.033202343750000000e+05
2.013686406250000000e+05
2.020650312500000000e+05
2.025177031250000000e+05
2.029434375000000000e+05
2.005075625000000000e+05
2.036024531250000000e+05
2.038812031250000000e+05
2.019415781250000000e+05
2.017048593750000000e+05
2.012303281250000000e+05
2.035368125000000000e+05
2.026135156250000000e+05
2.025658125000000000e+05
2.026931718750000000e+05
2.036368281250000000e+05
2.022366093750000000e+05
2.037507968750000000e+05
2.015335000000000000e+05
2.004923125000000000e+05
2.013520781250000000e+05
2.027598437500000000e+05
2.027680468750000000e+05
2.025893750000000000e+05
2.021122343750000000e+05
2.018264531250000000e+05
2.033878281250000000e+05
2.017013593750000000e+05
2.019906250000000000e+05
2.028787968750000000e+05
2.018853593750000000e+05
2.024403125000000000e+05
1.997690937500000000e+05
2.038485156250000000e+05
2.029243593750000000e+05
2.027061562500000000e+05
2.031455937500000000e+05
2.029517500000000000e+05
2.028129218750000000e+05
2.024173125000000000e+05
2.021254843750000000e+05
2.015202500000000000e+05
2.019288125000000000e+05
2.009657031250000000e+05
2.024164531250000000e+05
2.026000156250000000e+05
2.035622343750000000e+05
2.023449531250000000e+05
2.029627343750000000e+05
2.035608593750000000e+05
2.036449843750000000e+05
2.008482343750000000e+05
2.014895468750000000e+05
2.020627812500000000e+05
2.004323906250000000e+05
2.032723750000000000e+05
2.018224375000000000e+05
2.018434218750000000e+05
2.014458437500000000e+05
2.023879843750000000e+05
2.025935781250000000e+05
2.019811406250000000e+05
2.028078437500000000e+05
2.044842343750000000e+05
2.034830312500000000e+05
2.005359687500000000e+05
2.013880000000000000e+05
2.017955937500000000e+05
2.041753750000000000e+05
2.024756093750000000e+05
2.025698750000000000e+05
2.005287500000000000e+05
2.022883593750000000e+05
2.022335781250000000e+05
2.028600937500000000e+05
2.037720625000000000e+05
2.002801093750000000e+05
2.037127500000000000e+05
1.990477656250000000e+05
9.423752000000000000e+06
4.522725500000000000e+06
5.316957000000000000e+06
3.819619750000000000e+06
9.474372000000000000e+06
5.171288000000000000e+06
6.975272500000000000e+06
5.618612500000000000e+06
3.233465500000000000e+06
5.614459000000000000e+06
3.490015500000000000e+06
5.989334000000000000e+06
4.716847000000000000e+06
2.996273000000000000e+06
6.998468000000000000e+06
6.104635500000000000e+06
3.101721500000000000e+06
2.376986000000000000e+06
2.672196000000000000e+06
2.488866750000000000e+06
2.410429250000000000e+06
1.670155000000000000e+06
1.392479750000000000e+06
1.480477375000000000e+06
2.123574000000000000e+06
1.426363250000000000e+06
2.527902000000000000e+06
1.575908500000000000e+06
2.671840250000000000e+06
2.245880750000000000e+06
3.151601500000000000e+06
2.948729000000000000e+06
2.751972000000000000e+06
2.137874250000000000e+06
1.479023750000000000e+06
2.989536500000000000e+06
2.422444750000000000e+06
1.787423125000000000e+06
1.528699000000000000e+06
2.949213000000000000e+06
2.872988250000000000e+06
1.351649250000000000e+06
2.219365500000000000e+06
2.089095250000000000e+06
2.086175000000000000e+06
2.032133000000000000e+06
1.332655500000000000e+06
1.168044000000000000e+06
1.843759250000000000e+06
1.735423625000000000e+06
1.455847500000000000e+06
1.359918250000000000e+06
1.389266000000000000e+06
1.190003875000000000e+06
1.441536250000000000e+06
1.477885000000000000e+06
1.161997125000000000e+06
1.101988125000000000e+06
1.197375500000000000e+06
1.099684875000000000e+06
1.152101375000000000e+06
1.130571750000000000e+06
1.121033750000000000e+06
1.046763750000000000e+06
1.070909875000000000e+06
1.034346500000000000e+06
9.631206250000000000e+05
9.134927500000000000e+05
1.085416625000000000e+06
1.053489500000000000e+06
8.562184375000000000e+05
8.222077500000000000e+05
1.006456437500000000e+06
9.656238125000000000e+05
8.319207500000000000e+05
7.726548750000000000e+05
9.523881875000000000e+05
9.049724375000000000e+05
8.307151250000000000e+05
7.763295000000000000e+05
8.575181875000000000e+05
8.623201250000000000e+05
7.747792500000000000e+05
7.217785625000000000e+05
8.550056250000000000e+05
8.416995000000000000e+05
6.890815000000000000e+05
6.586850625000000000e+05
8.186090000000000000e+05
7.752263750000000000e+05
7.239665000000000000e+05
6.871432500000000000e+05
7.379958125000000000e+05
6.839515000000000000e+05
7.147310625000000000e+05
6.791713125000000000e+05
7.462537500000000000e+05
7.289920000000000000e+05
6.301367500000000000e+05
6.136973125000000000e+05
7.649493125000000000e+05
7.301631250000000000e+05
6.054706250000000000e+05
5.858313750000000000e+05
6.970499375000000000e+05
6.440313750000000000e+05
6.607645000000000000e+05
6.323508125000000000e+05
6.360886250000000000e+05
6.099157500000000000e+05
5.993593125000000000e+05
5.728605000000000000e+05
6.705908750000000000e+05
6.598130625000000000e+05
5.454501250000000000e+05
5.227700625000000000e+05
6.620088750000000000e+05
6.226270000000000000e+05
5.882357500000000000e+05
5.481242500000000000e+05
6.330837500000000000e+05
6.243143125000000000e+05
5.434880000000000000e+05
5.135046562500000000e+05
6.475227500000000000e+05
6.576032500000000000e+05
4.750117187500000000e+05
4.683751250000000000e+05
6.468045625000000000e+05
6.139514375000000000e+05
5.165790000000000000e+05
5.291973125000000000e+05
5.239843750000000000e+05
4.792303437500000000e+05
5.397253750000000000e+05
5.087603125000000000e+05
5.282941250000000000e+05
5.212630000000000000e+05
5.013240937500000000e+05
4.893663750000000000e+05
4.564869687500000000e+05
5.243730000000000000e+05
4.349521875000000000e+05
6.764235625000000000e+05
6.168910000000000000e+05
5.958258750000000000e+05
5.926752500000000000e+05
6.116011875000000000e+05
5.778946250000000000e+05
5.489329375000000000e+05
4.828262500000000000e+05
7.177010000000000000e+05
6.149450000000000000e+05
7.949636250000000000e+05
7.676288750000000000e+05
5.553591875000000000e+05
4.881425000000000000e+05
6.139486250000000000e+05
5.839570625000000000e+05
4.752403437500000000e+05
4.762037187500000000e+05
5.407280625000000000e+05
5.155290000000000000e+05
5.072656562500000000e+05
4.964832187500000000e+05
4.453964375000000000e+05
4.204381250000000000e+05
5.585902500000000000e+05
5.288776250000000000e+05
5.085777187500000000e+05
4.674374062500000000e+05
4.579795937500000000e+05
4.216515000000000000e+05
5.070368125000000000e+05
5.259369375000000000e+05
4.633249062500000000e+05
4.557874375000000000e+05
4.407357812500000000e+05
5.135387500000000000e+05
4.243436562500000000e+05
5.233033125000000000e+05
5.144225312500000000e+05
4.271264062500000000e+05
5.231677812500000000e+05
5.119821875000000000e+05
5.097128750000000000e+05
4.569417812500000000e+05
5.792888750000000000e+05
5.083053750000000000e+05
6.474083750000000000e+05
5.889056250000000000e+05
5.924459375000000000e+05
5.089544687500000000e+05
8.920278125000000000e+05
9.419317500000000000e+05
4.643019687500000000e+05
6.541823750000000000e+05
5.472658125000000000e+05
1.045879187500000000e+06
1.051737750000000000e+06
6.410230000000000000e+05
6.714373750000000000e+05
7.206791250000000000e+05
5.418075625000000000e+05
7.813493125000000000e+05
7.147733125000000000e+05
5.982258750000000000e+05
5.785075000000000000e+05
5.271203125000000000e+05
6.361186250000000000e+05
5.665706875000000000e+05
6.359661250000000000e+05
6.442693750000000000e+05
6.294615625000000000e+05
4.989117500000000000e+05
5.744441875000000000e+05
4.965972187500000000e+05
5.918976875000000000e+05
5.379446250000000000e+05
5.856865625000000000e+05
6.018352500000000000e+05
4.427986250000000000e+05
5.375698750000000000e+05
4.853959062500000000e+05
7.263016250000000000e+05
8.095830000000000000e+05
6.547260000000000000e+05
6.323697500000000000e+05
5.966441250000000000e+05
5.207301250000000000e+05
6.421538125000000000e+05
4.961795312500000000e+05
5.571520000000000000e+05
5.251836875000000000e+05
6.834025625000000000e+05
6.420625000000000000e+05
8.556197500000000000e+05
7.407369375000000000e+05
6.262992500000000000e+05
6.456220000000000000e+05
4.814012812500000000e+05
4.875893750000000000e+05
5.040195625000000000e+05
4.349789375000000000e+05
4.307887187500000000e+05
4.845282812500000000e+05
4.434452500000000000e+05
5.841068750000000000e+05
5.279185000000000000e+05
6.074756250000000000e+05
5.938037500000000000e+05
4.922270937500000000e+05
4.625016562500000000e+05
4.963237500000000000e+05
4.475198437500000000e+05
5.433191250000000000e+05
4.996298750000000000e+05
5.207026250000000000e+05
5.125563125000000000e+05
4.013255000000000000e+05
3.880742500000000000e+05
4.596432500000000000e+05
4.279806875000000000e+05
4.422654375000000000e+05
4.404935937500000000e+05
3.876915625000000000e+05
3.813080937500000000e+05
4.332270000000000000e+05
4.116164687500000000e+05
3.946093750000000000e+05
3.799993125000000000e+05
3.805203750000000000e+05
3.727049687500000000e+05
3.967646875000000000e+05
3.908220312500000000e+05
3.543107187500000000e+05
3.401490312500000000e+05
3.835312500000000000e+05
3.651376875000000000e+05
4.151066250000000000e+05
3.946149375000000000e+05
3.720542812500000000e+05
3.548814062500000000e+05
3.934177500000000000e+05
3.588471250000000000e+05
4.684017500000000000e+05
4.252573750000000000e+05
4.887185625000000000e+05
4.892388750000000000e+05
3.821380312500000000e+05
3.529305000000000000e+05
3.966135312500000000e+05
3.940319375000000000e+05
3.753371875000000000e+05
3.405638125000000000e+05
5.094079062500000000e+05
5.103121250000000000e+05
3.509559375000000000e+05
3.541210312500000000e+05
4.186626875000000000e+05
3.610027500000000000e+05
4.720738125000000000e+05
4.820586875000000000e+05
3.833695000000000000e+05
3.877677500000000000e+05
4.180034062500000000e+05
3.811008437500000000e+05
4.703952500000000000e+05
4.207762500000000000e+05
4.867514687500000000e+05
4.802405937500000000e+05
4.128652500000000000e+05
4.070980625000000000e+05
3.850415000000000000e+05
3.653394062500000000e+05
4.355011250000000000e+05
3.959345000000000000e+05
4.185884375000000000e+05
4.137427500000000000e+05
3.426886875000000000e+05
3.260892812500000000e+05
3.832033125000000000e+05
3.691711562500000000e+05
3.781155000000000000e+05
3.542404375000000000e+05
3.832108437500000000e+05
3.772341250000000000e+05
3.590695625000000000e+05
3.332520000000000000e+05
3.941242812500000000e+05
3.838802500000000000e+05
3.632053437500000000e+05
3.319074062500000000e+05
3.828820625000000000e+05
3.873847812500000000e+05
3.701283125000000000e+05
3.428402500000000000e+05
3.451097812500000000e+05
3.357775625000000000e+05
3.946931875000000000e+05
3.648896250000000000e+05
3.951926562500000000e+05
3.814648125000000000e+05
3.338098750000000000e+05
3.070964062500000000e+05
3.820829687500000000e+05
3.664732500000000000e+05
3.179411875000000000e+05
3.047597500000000000e+05
3.331898125000000000e+05
3.259865000000000000e+05
3.574863125000000000e+05
3.424941250000000000e+05
3.282794062500000000e+05
3.174103125000000000e+05
3.540778125000000000e+05
3.174589375000000000e+05
4.357789062500000000e+05
4.287197187500000000e+05
3.109584062500000000e+05
3.693097187500000000e+05
3.711465312500000000e+05
3.441169375000000000e+05
4.002809062500000000e+05
4.077369375000000000e+05
3.815016875000000000e+05
3.427527500000000000e+05
3.973153750000000000e+05
3.949015937500000000e+05
3.393421875000000000e+05
3.527345937500000000e+05
3.483011875000000000e+05
3.161773750000000000e+05
3.128129375000000000e+05
3.099614687500000000e+05
3.068423437500000000e+05
3.461881875000000000e+05
2.991087812500000000e+05
2.871835000000000000e+05
3.027586250000000000e+05
3.310591250000000000e+05
3.076545625000000000e+05
3.346205937500000000e+05
3.397055625000000000e+05
3.186129375000000000e+05
3.493715625000000000e+05
3.614181250000000000e+05
3.242910625000000000e+05
3.181825937500000000e+05
3.747867500000000000e+05
3.429587500000000000e+05
3.697390937500000000e+05
3.975503125000000000e+05
3.668612500000000000e+05
3.743034687500000000e+05
3.379195000000000000e+05
3.566749687500000000e+05
3.308758437500000000e+05
3.179600000000000000e+05
3.327505000000000000e+05
3.132210625000000000e+05
3.148552187500000000e+05
3.163206875000000000e+05
2.953704375000000000e+05
3.078920312500000000e+05
3.018083437500000000e+05
2.858862187500000000e+05
3.029726562500000000e+05
2.823702500000000000e+05
2.823885937500000000e+05
3.056490000000000000e+05
2.833127187500000000e+05
3.520480312500000000e+05
3.392692500000000000e+05
3.413823750000000000e+05
3.143376250000000000e+05
3.912381562500000000e+05
3.600490312500000000e+05
3.161916875000000000e+05
2.991660000000000000e+05
2.960427500000000000e+05
3.140709062500000000e+05
2.857358125000000000e+05
2.799206562500000000e+05
3.023110625000000000e+05
2.944678125000000000e+05
2.785241250000000000e+05
2.845137500000000000e+05
3.165416875000000000e+05
2.854393125000000000e+05
3.870950625000000000e+05
3.500246562500000000e+05
3.177590625000000000e+05
2.968896875000000000e+05
3.290607187500000000e+05
3.349005625000000000e+05
3.162580937500000000e+05
3.189255000000000000e+05
2.952070937500000000e+05
3.060319062500000000e+05
2.783244687500000000e+05
2.897675000000000000e+05
2.871763125000000000e+05
2.727951562500000000e+05
2.808948750000000000e+05
2.964690000000000000e+05
2.798374375000000000e+05
2.780320000000000000e+05
2.912270000000000000e+05
2.849110937500000000e+05
2.746958125000000000e+05
2.987302500000000000e+05
2.860929687500000000e+05
2.656785312500000000e+05
2.750802812500000000e+05
3.095787500000000000e+05
2.864584375000000000e+05
3.410604375000000000e+05
3.042589687500000000e+05
2.908110937500000000e+05
3.223959375000000000e+05
2.955961250000000000e+05
2.948869375000000000e+05
3.253394375000000000e+05
2.984064062500000000e+05
2.965868750000000000e+05
3.154818125000000000e+05
2.950699687500000000e+05
2.817119062500000000e+05
2.901805625000000000e+05
3.086611250000000000e+05
3.036105937500000000e+05
3.018707500000000000e+05
2.903545312500000000e+05
2.858085000000000000e+05
2.877969062500000000e+05
2.791628125000000000e+05
2.759654375000000000e+05
2.731915937500000000e+05
2.701595000000000000e+05
2.636751250000000000e+05
2.741448125000000000e+05
2.604772500000000000e+05
2.704235937500000000e+05
2.654628437500000000e+05
2.591247968750000000e+05
2.567046250000000000e+05
2.648274062500000000e+05
2.541321562500000000e+05
2.743645937500000000e+05
2.796812500000000000e+05
2.634646875000000000e+05
2.753960000000000000e+05
2.613428281250000000e+05
2.638734062500000000e+05
2.626712812500000000e+05
2.753727187500000000e+05
2.632652812500000000e+05
2.593500000000000000e+05
2.625609687500000000e+05
1.203799100000000000e+07
1.016925600000000000e+07
7.529998000000000000e+06
6.084999000000000000e+06
5.430184000000000000e+06
3.942985000000000000e+06
5.105039000000000000e+06
5.536213500000000000e+06
4.990800000000000000e+06
3.562552000000000000e+06
2.873538750000000000e+06
3.414666500000000000e+06
2.858736500000000000e+06
1.987047750000000000e+06
3.762302000000000000e+06
3.960403000000000000e+06
2.360743500000000000e+06
2.252890000000000000e+06
2.341095750000000000e+06
2.385266000000000000e+06
2.546195500000000000e+06
2.199298250000000000e+06
2.217697000000000000e+06
2.005847750000000000e+06
1.753059000000000000e+06
1.585752375000000000e+06
2.203632000000000000e+06
1.910712500000000000e+06
1.693430250000000000e+06
1.693411375000000000e+06
1.708213500000000000e+06
1.497340375000000000e+06
1.498988500000000000e+06
1.540847625000000000e+06
1.328689750000000000e+06
1.195145250000000000e+06
1.634049500000000000e+06
1.520465750000000000e+06
1.148297875000000000e+06
1.092036500000000000e+06
1.450169000000000000e+06
1.282935250000000000e+06
1.259670625000000000e+06
1.229962750000000000e+06
9.876995000000000000e+05
8.847743125000000000e+05
1.281596500000000000e+06
1.214053750000000000e+06
8.224692500000000000e+05
7.745355000000000000e+05
1.117366500000000000e+06
1.028138875000000000e+06
9.633484375000000000e+05
9.563525625000000000e+05
9.787479375000000000e+05
9.064127500000000000e+05
1.023326500000000000e+06
9.551523125000000000e+05
9.604502500000000000e+05
9.159370000000000000e+05
8.617109375000000000e+05
8.209202500000000000e+05
9.696854375000000000e+05
9.051711250000000000e+05
7.405620000000000000e+05
7.278051250000000000e+05
8.910097500000000000e+05
8.327830000000000000e+05
7.333295000000000000e+05
7.211370625000000000e+05
8.203520625000000000e+05
7.709898125000000000e+05
7.804016250000000000e+05
7.526908750000000000e+05
7.753823750000000000e+05
7.257972500000000000e+05
8.041863750000000000e+05
7.854953750000000000e+05
7.505313750000000000e+05
6.831649375000000000e+05
8.318658125000000000e+05
8.151395000000000000e+05
7.496218750000000000e+05
6.786571250000000000e+05
8.104565000000000000e+05
8.024957500000000000e+05
7.896055000000000000e+05
6.970468750000000000e+05
7.811536875000000000e+05
7.803678750000000000e+05
8.353160000000000000e+05
7.081775625000000000e+05
7.862131875000000000e+05
8.351536875000000000e+05
8.208811875000000000e+05
6.627451250000000000e+05
8.203304375000000000e+05
8.792941250000000000e+05
8.802073125000000000e+05
7.140955625000000000e+05
7.179979375000000000e+05
7.753440000000000000e+05
9.210553750000000000e+05
7.432501250000000000e+05
7.222880625000000000e+05
7.800877500000000000e+05
8.620869375000000000e+05
7.174963750000000000e+05
7.142433750000000000e+05
7.738010000000000000e+05
8.258005000000000000e+05
7.128000625000000000e+05
6.195883125000000000e+05
6.495555000000000000e+05
7.677650000000000000e+05
6.701000000000000000e+05
6.669552500000000000e+05
6.803072500000000000e+05
7.223992500000000000e+05
6.220113750000000000e+05
7.040433125000000000e+05
7.429097500000000000e+05
6.685236250000000000e+05
5.867480625000000000e+05
6.827231250000000000e+05
6.934831250000000000e+05
7.353838750000000000e+05
6.763030000000000000e+05
5.736365625000000000e+05
5.611974375000000000e+05
6.932592500000000000e+05
6.442241875000000000e+05
7.220833750000000000e+05
7.209251250000000000e+05
5.250746250000000000e+05
4.996547812500000000e+05
8.484967500000000000e+05
8.553628750000000000e+05
5.297368750000000000e+05
4.968814375000000000e+05
7.474741250000000000e+05
6.767310625000000000e+05
6.495939375000000000e+05
6.388029375000000000e+05
5.735385625000000000e+05
5.285868750000000000e+05
6.350144375000000000e+05
6.082470000000000000e+05
5.417721250000000000e+05
5.311341875000000000e+05
5.783855000000000000e+05
5.472409375000000000e+05
5.473469375000000000e+05
5.266522500000000000e+05
5.312419375000000000e+05
5.111794687500000000e+05
5.479656250000000000e+05
5.283677500000000000e+05
5.175650625000000000e+05
4.896931250000000000e+05
5.361927500000000000e+05
5.148423750000000000e+05
4.994176875000000000e+05
4.746614375000000000e+05
5.510606875000000000e+05
5.345676250000000000e+05
4.728477500000000000e+05
4.595441250000000000e+05
5.706486875000000000e+05
5.573281250000000000e+05
4.526929375000000000e+05
4.412158437500000000e+05
5.821511250000000000e+05
5.487228750000000000e+05
4.702006562500000000e+05
4.505975312500000000e+05
5.943590000000000000e+05
5.645245000000000000e+05
4.643323125000000000e+05
4.355511875000000000e+05
6.340064375000000000e+05
6.248193750000000000e+05
4.200211562500000000e+05
4.162025000000000000e+05
6.339525000000000000e+05
5.647536250000000000e+05
5.840919375000000000e+05
5.430017500000000000e+05
5.030433125000000000e+05
4.806138750000000000e+05
5.575686250000000000e+05
4.836702812500000000e+05
8.494071875000000000e+05
8.576878125000000000e+05
4.614157187500000000e+05
4.398335312500000000e+05
6.359552500000000000e+05
5.419689375000000000e+05
4.804966562500000000e+05
8.137361250000000000e+05
8.665345625000000000e+05
6.782809375000000000e+05
6.394033750000000000e+05
4.548112812500000000e+05
6.651223750000000000e+05
7.634826250000000000e+05
7.488800625000000000e+05
5.674938125000000000e+05
6.507997500000000000e+05
6.760513125000000000e+05
6.678141875000000000e+05
1.107762750000000000e+06
1.030573187500000000e+06
5.527921875000000000e+05
8.219546250000000000e+05
7.737642500000000000e+05
5.804861250000000000e+05
8.915846250000000000e+05
8.803815000000000000e+05
8.274696250000000000e+05
8.744673750000000000e+05
6.199323125000000000e+05
5.267073750000000000e+05
6.187877500000000000e+05
5.202401875000000000e+05
7.370316875000000000e+05
6.596571250000000000e+05
6.591381250000000000e+05
6.756246875000000000e+05
5.500307500000000000e+05
5.314478750000000000e+05
5.444486875000000000e+05
5.540457500000000000e+05
4.561668125000000000e+05
7.222513750000000000e+05
6.922677500000000000e+05
6.950838750000000000e+05
5.772186250000000000e+05
7.574323750000000000e+05
5.240459375000000000e+05
5.690963125000000000e+05
5.067577500000000000e+05
4.776504375000000000e+05
5.835036875000000000e+05
5.928841250000000000e+05
4.647940937500000000e+05
5.502278125000000000e+05
5.406007500000000000e+05
5.189138437500000000e+05
5.316449375000000000e+05
4.410227187500000000e+05
5.058673125000000000e+05
5.188885625000000000e+05
4.432346250000000000e+05
4.768046250000000000e+05
4.748372187500000000e+05
4.476948750000000000e+05
5.203070000000000000e+05
4.793638125000000000e+05
5.298981875000000000e+05
5.445913125000000000e+05
4.324621875000000000e+05
6.420478750000000000e+05
6.376773125000000000e+05
6.358544375000000000e+05
6.015911250000000000e+05
4.463244375000000000e+05
5.120800000000000000e+05
5.400521250000000000e+05
4.802128125000000000e+05
4.773612187500000000e+05
5.051950937500000000e+05
3.947689375000000000e+05
5.203518750000000000e+05
6.116301250000000000e+05
5.615144375000000000e+05
5.103954687500000000e+05
4.997286875000000000e+05
4.690141250000000000e+05
6.256190625000000000e+05
5.609796250000000000e+05
7.398872500000000000e+05
6.644185000000000000e+05
4.194981562500000000e+05
6.800478750000000000e+05
5.500261250000000000e+05
6.500505625000000000e+05
5.744475625000000000e+05
1.047389937500000000e+06
1.198122750000000000e+06
5.497295000000000000e+05
9.536230000000000000e+05
8.701608750000000000e+05
7.359671875000000000e+05
7.418036250000000000e+05
4.939500312500000000e+05
4.656463437500000000e+05
5.967551875000000000e+05
5.209269375000000000e+05
5.479711875000000000e+05
5.638495625000000000e+05
3.971026250000000000e+05
4.321507812500000000e+05
4.225179375000000000e+05
3.908633125000000000e+05
5.250836875000000000e+05
4.513141250000000000e+05
6.232286875000000000e+05
5.975441250000000000e+05
4.205976250000000000e+05
6.325032500000000000e+05
5.606133750000000000e+05
4.732421250000000000e+05
4.326123750000000000e+05
9.139541250000000000e+05
9.475452500000000000e+05
4.409834687500000000e+05
5.071146875000000000e+05
6.980577500000000000e+05
7.062118750000000000e+05
5.635069375000000000e+05
4.306107500000000000e+05
6.376092500000000000e+05
6.051013750000000000e+05
7.800347500000000000e+05
5.248424375000000000e+05
7.932218750000000000e+05
7.422286875000000000e+05
9.102780000000000000e+05
8.558598750000000000e+05
4.378052812500000000e+05
6.219238750000000000e+05
4.375157812500000000e+05
5.022503125000000000e+05
4.483821562500000000e+05
4.373415312500000000e+05
7.556887500000000000e+05
7.170861250000000000e+05
4.847446562500000000e+05
4.096844375000000000e+05
6.030280625000000000e+05
5.048816875000000000e+05
6.460569375000000000e+05
6.152510000000000000e+05
5.524152500000000000e+05
5.130557500000000000e+05
3.828843750000000000e+05
4.030762500000000000e+05
3.696376250000000000e+05
3.688977500000000000e+05
4.532862187500000000e+05
3.819130625000000000e+05
5.396720625000000000e+05
4.620356250000000000e+05
6.620758750000000000e+05
5.671743125000000000e+05
4.785480937500000000e+05
5.116061250000000000e+05
4.824644375000000000e+05
3.986186250000000000e+05
5.710768125000000000e+05
5.838514375000000000e+05
3.891276250000000000e+05
3.609218750000000000e+05
4.925780000000000000e+05
4.303033125000000000e+05
4.217730937500000000e+05
4.272233750000000000e+05
3.550405937500000000e+05
3.485519375000000000e+05
5.508026250000000000e+05
4.653430937500000000e+05
6.580911875000000000e+05
5.880027500000000000e+05
4.889129375000000000e+05
4.193796562500000000e+05
8.521277500000000000e+05
9.866678125000000000e+05
4.708373125000000000e+05
5.048061562500000000e+05
5.431658750000000000e+05
4.920110000000000000e+05
7.010492500000000000e+05
7.101132500000000000e+05
4.196873750000000000e+05
3.590694062500000000e+05
4.879058750000000000e+05
4.345318125000000000e+05
3.677564687500000000e+05
4.523947187500000000e+05
5.028817500000000000e+05
4.910184375000000000e+05
5.009568125000000000e+05
4.706705000000000000e+05
4.959892500000000000e+05
4.981509375000000000e+05
4.059406562500000000e+05
4.481856562500000000e+05
4.010249687500000000e+05
5.488413125000000000e+05
4.402417812500000000e+05
6.228823750000000000e+05
5.610461250000000000e+05
4.606147812500000000e+05
4.694320312500000000e+05
3.858581562500000000e+05
4.930255625000000000e+05
4.778522187500000000e+05
5.516762500000000000e+05
4.912203125000000000e+05
4.056827187500000000e+05
3.671451562500000000e+05
5.525047500000000000e+05
4.857277500000000000e+05
4.206088125000000000e+05
3.994447812500000000e+05
3.789918125000000000e+05
4.103421875000000000e+05
4.602589375000000000e+05
3.764106875000000000e+05
3.427983750000000000e+05
4.930809375000000000e+05
4.052609062500000000e+05
5.276741250000000000e+05
4.861746250000000000e+05
4.580507500000000000e+05
6.172051250000000000e+05
6.251036875000000000e+05
4.009203437500000000e+05
3.601760000000000000e+05
4.473112500000000000e+05
4.009888750000000000e+05
3.530404062500000000e+05
3.259645625000000000e+05
3.413429375000000000e+05
3.991256562500000000e+05
3.351485625000000000e+05
3.420803125000000000e+05
3.809740312500000000e+05
3.443512500000000000e+05
3.319195312500000000e+05
3.641633750000000000e+05
3.400608437500000000e+05
3.331712500000000000e+05
3.471156875000000000e+05
3.260164062500000000e+05
3.148835000000000000e+05
3.333373437500000000e+05
2.989353750000000000e+05
3.009141250000000000e+05
3.214709062500000000e+05
3.246410625000000000e+05
3.062022187500000000e+05
2.952961250000000000e+05
3.474024375000000000e+05
3.008674375000000000e+05
3.307280625000000000e+05
4.625725625000000000e+05
4.392733125000000000e+05
4.212703437500000000e+05
3.751940000000000000e+05
4.856299687500000000e+05
3.949301250000000000e+05
3.547528125000000000e+05
6.907776250000000000e+05
5.945818750000000000e+05
3.623272812500000000e+05
3.510081875000000000e+05
3.495307812500000000e+05
3.000628125000000000e+05
4.763650000000000000e+05
4.484339062500000000e+05
3.114107187500000000e+05
3.857547187500000000e+05
3.888636250000000000e+05
3.541013437500000000e+05
6.565256250000000000e+05
5.191591250000000000e+05
5.923173750000000000e+05
5.130664375000000000e+05
5.916858750000000000e+05
6.995578750000000000e+05
3.686741250000000000e+05
3.097193125000000000e+05
4.862065625000000000e+05
4.164501250000000000e+05
5.415841250000000000e+05
4.483979062500000000e+05
6.594149375000000000e+05
4.843996562500000000e+05
8.279038750000000000e+05
1.015514500000000000e+06
7.136751250000000000e+05
4.658455937500000000e+05
4.710160000000000000e+05
3.960680312500000000e+05
3.561669062500000000e+05
4.416970625000000000e+05
3.989579375000000000e+05
3.575587187500000000e+05
1.587857600000000000e+07
1.205828800000000000e+07
8.824971000000000000e+06
9.339759000000000000e+06
8.779382000000000000e+06
7.019139000000000000e+06
5.312988000000000000e+06
6.208273000000000000e+06
6.987412500000000000e+06
5.531993500000000000e+06
4.259340000000000000e+06
4.263492000000000000e+06
3.957848750000000000e+06
3.587333750000000000e+06
3.395872000000000000e+06
3.064223000000000000e+06
3.614459750000000000e+06
3.169386000000000000e+06
2.191914000000000000e+06
2.159349000000000000e+06
2.546638750000000000e+06
1.901444375000000000e+06
3.340112750000000000e+06
3.468972500000000000e+06
2.274020750000000000e+06
2.247542000000000000e+06
1.628923500000000000e+06
3.527163000000000000e+06
3.895450000000000000e+06
2.403333500000000000e+06
3.646331000000000000e+06
3.586799000000000000e+06
2.467186500000000000e+06
1.634795500000000000e+06
2.054294500000000000e+06
1.974567500000000000e+06
1.542181000000000000e+06
1.621673375000000000e+06
1.845471375000000000e+06
1.879898000000000000e+06
2.691712500000000000e+06
2.434575000000000000e+06
1.732163625000000000e+06
1.698074625000000000e+06
1.450674500000000000e+06
1.167725875000000000e+06
1.920866500000000000e+06
1.954605625000000000e+06
1.193727750000000000e+06
3.157893500000000000e+06
4.010057500000000000e+06
2.671367500000000000e+06
1.500899250000000000e+06
1.793155000000000000e+06
1.273411000000000000e+06
2.068801750000000000e+06
2.442517250000000000e+06
1.406339500000000000e+06
2.240421250000000000e+06
2.374601000000000000e+06
1.817106750000000000e+06
1.109306500000000000e+06
3.062566500000000000e+06
4.239683000000000000e+06
3.504268750000000000e+06
1.616541250000000000e+06
2.483616500000000000e+06
2.754264500000000000e+06
2.245893000000000000e+06
1.662583750000000000e+06
2.216569500000000000e+06
2.817842000000000000e+06
2.132434500000000000e+06
2.353941750000000000e+06
2.086098125000000000e+06
1.217096000000000000e+06
1.867563750000000000e+06
1.911618500000000000e+06
2.807976250000000000e+06
2.994220500000000000e+06
1.997181500000000000e+06
2.781677750000000000e+06
3.116417250000000000e+06
2.001097375000000000e+06
2.140175000000000000e+06
2.694903000000000000e+06
2.281901500000000000e+06
1.390681250000000000e+06
1.650282250000000000e+06
1.967052000000000000e+06
1.599482750000000000e+06
1.764634250000000000e+06
1.503796250000000000e+06
1.100396000000000000e+06
1.272891000000000000e+06
1.053961875000000000e+06
1.002767875000000000e+06
9.900226250000000000e+05
8.264601875000000000e+05
1.095435375000000000e+06
9.958296250000000000e+05
1.173520500000000000e+06
1.061629750000000000e+06
9.434483750000000000e+05
9.697570625000000000e+05
9.360005000000000000e+05
8.217885625000000000e+05
9.724606875000000000e+05
9.926676250000000000e+05
7.438145000000000000e+05
8.545935000000000000e+05
7.199807500000000000e+05
7.039423750000000000e+05
8.168993750000000000e+05
6.729652500000000000e+05
1.337378625000000000e+06
1.501821125000000000e+06
7.999171250000000000e+05
1.285172500000000000e+06
1.473170000000000000e+06
1.217493625000000000e+06
7.110171250000000000e+05
1.781093500000000000e+06
2.597411500000000000e+06
2.271593500000000000e+06
1.127022375000000000e+06
1.647570000000000000e+06
1.859854750000000000e+06
1.465461625000000000e+06
8.647526875000000000e+05
2.126240000000000000e+06
2.778625500000000000e+06
1.928363500000000000e+06
1.619014125000000000e+06
1.822358250000000000e+06
1.287255875000000000e+06
1.033708250000000000e+06
1.187455375000000000e+06
8.223007500000000000e+05
1.115581625000000000e+06
1.300652000000000000e+06
1.040375250000000000e+06
6.698054375000000000e+05
6.780415625000000000e+05
7.125231875000000000e+05
7.522428125000000000e+05
8.874241875000000000e+05
8.461445000000000000e+05
6.788325625000000000e+05
6.261055000000000000e+05
6.592994375000000000e+05
6.362646250000000000e+05
8.380678750000000000e+05
7.860206250000000000e+05
5.832603125000000000e+05
5.637016875000000000e+05
6.539891875000000000e+05
6.190660000000000000e+05
7.384485625000000000e+05
7.304976875000000000e+05
5.829475000000000000e+05
5.478731250000000000e+05
7.450380625000000000e+05
7.021176250000000000e+05
6.492897500000000000e+05
6.631140000000000000e+05
6.031848125000000000e+05
5.377415000000000000e+05
6.685150000000000000e+05
6.347106250000000000e+05
5.396493750000000000e+05
5.341923125000000000e+05
5.983153750000000000e+05
5.531101875000000000e+05
5.642494375000000000e+05
5.657020000000000000e+05
5.349623750000000000e+05
5.200077500000000000e+05
5.851074375000000000e+05
5.652003750000000000e+05
5.023475937500000000e+05
4.875137187500000000e+05
5.719898750000000000e+05
5.523685000000000000e+05
4.926036875000000000e+05
4.830698750000000000e+05
5.479613750000000000e+05
5.203447500000000000e+05
4.900912500000000000e+05
4.777805625000000000e+05
5.105815000000000000e+05
4.885228437500000000e+05
4.883630625000000000e+05
4.801139062500000000e+05
4.780945312500000000e+05
4.585513125000000000e+05
4.853570625000000000e+05
4.728726875000000000e+05
4.626814375000000000e+05
4.435103750000000000e+05
4.728648750000000000e+05
4.590108125000000000e+05
4.561576250000000000e+05
4.356377187500000000e+05
4.656436250000000000e+05
4.502867500000000000e+05
4.355236875000000000e+05
4.204954062500000000e+05
4.528786875000000000e+05
4.456398125000000000e+05
4.432787812500000000e+05
4.270729375000000000e+05
4.436390625000000000e+05
4.308565937500000000e+05
4.417091562500000000e+05
4.203409687500000000e+05
4.774306250000000000e+05
4.475798437500000000e+05
4.585180312500000000e+05
4.425826250000000000e+05
4.265118437500000000e+05
4.236628750000000000e+05
4.523364375000000000e+05
4.424871250000000000e+05
4.041231250000000000e+05
4.526214687500000000e+05
5.361418750000000000e+05
4.865891562500000000e+05
5.573101250000000000e+05
4.507532812500000000e+05
7.068611250000000000e+05
7.358831250000000000e+05
4.650050312500000000e+05
7.290783750000000000e+05
7.129519375000000000e+05
8.721568750000000000e+05
6.727021875000000000e+05
6.965460000000000000e+05
8.495224375000000000e+05
5.471198750000000000e+05
7.025980625000000000e+05
6.615883125000000000e+05
6.102535000000000000e+05
6.452893750000000000e+05
4.679112187500000000e+05
4.505645625000000000e+05
5.725779375000000000e+05
5.000864375000000000e+05
5.051166562500000000e+05
4.845223750000000000e+05
5.041753125000000000e+05
4.405610000000000000e+05
5.868602500000000000e+05
5.325106250000000000e+05
4.944788750000000000e+05
4.780225000000000000e+05
4.601184375000000000e+05
4.578817812500000000e+05
4.109423437500000000e+05
5.310771250000000000e+05
4.991306250000000000e+05
5.547758125000000000e+05
5.093482500000000000e+05
4.802380625000000000e+05
4.662574062500000000e+05
4.257575937500000000e+05
4.093584062500000000e+05
4.774395000000000000e+05
4.270333437500000000e+05
5.247474375000000000e+05
5.276090625000000000e+05
4.300236250000000000e+05
3.861725937500000000e+05
5.375530625000000000e+05
4.899902187500000000e+05
4.512117812500000000e+05
4.293418125000000000e+05
3.841851875000000000e+05
4.048693437500000000e+05
3.967319375000000000e+05
3.718683437500000000e+05
3.717586250000000000e+05
4.086473125000000000e+05
3.781398125000000000e+05
3.804912500000000000e+05
4.035588125000000000e+05
3.961250625000000000e+05
3.511799375000000000e+05
4.318020625000000000e+05
4.115166562500000000e+05
4.763830312500000000e+05
4.443246875000000000e+05
4.094241250000000000e+05
4.810483750000000000e+05
4.892922500000000000e+05
4.791244062500000000e+05
4.131428125000000000e+05
4.728385625000000000e+05
4.449013750000000000e+05
3.996306562500000000e+05
3.759788750000000000e+05
4.022578437500000000e+05
4.496158437500000000e+05
3.964286250000000000e+05
4.885308125000000000e+05
4.633068125000000000e+05
4.699948750000000000e+05
3.926605625000000000e+05
4.492917500000000000e+05
4.292159375000000000e+05
3.858472187500000000e+05
4.839690625000000000e+05
4.626835312500000000e+05
4.238216875000000000e+05
4.747128437500000000e+05
4.738560937500000000e+05
4.426374062500000000e+05
3.919567187500000000e+05
4.688874687500000000e+05
3.961515625000000000e+05
5.498748750000000000e+05
4.672053125000000000e+05
5.502589375000000000e+05
4.577024375000000000e+05
7.249968750000000000e+05
6.156730000000000000e+05
4.812146250000000000e+05
5.170123750000000000e+05
4.096308437500000000e+05
3.427678437500000000e+05
4.458925000000000000e+05
4.372196875000000000e+05
4.287142500000000000e+05
6.893145000000000000e+05
5.458576250000000000e+05
5.765803125000000000e+05
4.916676250000000000e+05
6.047225625000000000e+05
6.632235000000000000e+05
3.824555000000000000e+05
5.035948750000000000e+05
4.764096250000000000e+05
4.488667500000000000e+05
6.667462500000000000e+05
5.781462500000000000e+05
8.657406250000000000e+05
9.111964375000000000e+05
4.737555312500000000e+05
4.191188750000000000e+05
6.338246250000000000e+05
4.226907500000000000e+05
5.982166250000000000e+05
4.286149375000000000e+05
9.514143750000000000e+05
9.768846250000000000e+05
5.362874375000000000e+05
4.687242812500000000e+05
5.909736250000000000e+05
6.303899375000000000e+05
7.930035000000000000e+05
6.699451875000000000e+05
3.645070312500000000e+05
4.096039687500000000e+05
5.117381875000000000e+05
5.456070625000000000e+05
5.314936250000000000e+05
6.077352500000000000e+05
4.659875625000000000e+05
5.752487500000000000e+05
4.895054062500000000e+05
5.091953750000000000e+05
5.334618750000000000e+05
4.216430000000000000e+05
5.314948750000000000e+05
3.917538125000000000e+05
4.128857187500000000e+05
5.380162500000000000e+05
3.761920625000000000e+05
6.182710625000000000e+05
5.562113125000000000e+05
4.306538750000000000e+05
4.487587187500000000e+05
3.706067812500000000e+05
3.500264375000000000e+05
3.646550000000000000e+05
4.285678437500000000e+05
3.723002812500000000e+05
4.911306875000000000e+05
4.013506250000000000e+05
4.754108750000000000e+05
3.849820312500000000e+05
9.234413750000000000e+05
1.158574250000000000e+06
6.153186250000000000e+05
5.170395312500000000e+05
4.525627187500000000e+05
6.777581250000000000e+05
4.156933437500000000e+05
7.464336875000000000e+05
7.540421250000000000e+05
4.217370312500000000e+05
9.323857500000000000e+05
5.960997500000000000e+05
1.319525250000000000e+06
1.433288750000000000e+06
8.754878125000000000e+05
1.106555500000000000e+06
1.929715125000000000e+06
1.413760500000000000e+06
6.113036875000000000e+05
5.839970000000000000e+05
6.445921875000000000e+05
5.534524375000000000e+05
6.402499375000000000e+05
6.510555000000000000e+05
4.071855625000000000e+05
4.651291875000000000e+05
4.011398750000000000e+05
4.525168750000000000e+05
4.542492812500000000e+05
3.981671562500000000e+05
3.728379062500000000e+05
3.547400312500000000e+05
3.383717812500000000e+05
3.522196250000000000e+05
3.848623750000000000e+05
3.930451875000000000e+05
3.584615000000000000e+05
5.045281250000000000e+05
4.567882187500000000e+05
4.805170625000000000e+05
3.759951250000000000e+05
4.158088750000000000e+05
3.318738125000000000e+05
3.206151562500000000e+05
3.575943750000000000e+05
3.660181250000000000e+05
3.128619062500000000e+05
4.384198750000000000e+05
4.040670625000000000e+05
4.093850625000000000e+05
3.978737500000000000e+05
3.784962812500000000e+05
3.594713750000000000e+05
3.628357187500000000e+05
3.483619375000000000e+05
3.794726562500000000e+05
3.471856250000000000e+05
3.524030937500000000e+05
3.521488750000000000e+05
3.867367500000000000e+05
3.475991875000000000e+05
3.396809687500000000e+05
4.265301562500000000e+05
3.844353750000000000e+05
3.858874375000000000e+05
3.280173750000000000e+05
3.118009062500000000e+05
3.077457500000000000e+05
3.518961562500000000e+05
3.161252812500000000e+05
3.106175625000000000e+05
3.030457187500000000e+05
3.016315937500000000e+05
3.379007812500000000e+05
2.949566875000000000e+05
3.474468125000000000e+05
3.503127812500000000e+05
3.286193750000000000e+05
4.460630312500000000e+05
3.515467500000000000e+05
4.398182500000000000e+05
3.882067187500000000e+05
4.307933125000000000e+05
3.862761875000000000e+05
3.204284062500000000e+05
3.062112500000000000e+05
4.509719062500000000e+05
3.475395312500000000e+05
4.932608750000000000e+05
3.787710625000000000e+05
6.262412500000000000e+05
4.009384687500000000e+05
4.206508437500000000e+05
1.078058250000000000e+06
9.130133125000000000e+05
7.711213750000000000e+05
8.086866250000000000e+05
6.028610000000000000e+05
4.906027187500000000e+05
9.648842500000000000e+05
9.019347500000000000e+05
4.006938125000000000e+05
1.671017250000000000e+06
1.807549750000000000e+06
6.477245625000000000e+05
1.272315500000000000e+06
1.243844750000000000e+06
5.230842500000000000e+05
2.673328000000000000e+06
