4.305697000000000000e+06
6.330065500000000000e+06
5.358846000000000000e+06
2.682101750000000000e+06
3.707958750000000000e+06
4.838312500000000000e+06
4.117523000000000000e+06
2.708107000000000000e+06
2.457264500000000000e+06
2.984555500000000000e+06
2.992267500000000000e+06
2.521956500000000000e+06
2.193078250000000000e+06
2.337754750000000000e+06
2.372622250000000000e+06
2.175388000000000000e+06
1.710708500000000000e+06
2.150744500000000000e+06
2.137576000000000000e+06
1.764760125000000000e+06
1.825021875000000000e+06
1.940449500000000000e+06
1.802119750000000000e+06
1.470705750000000000e+06
1.541297250000000000e+06
1.548143875000000000e+06
1.348540375000000000e+06
1.266316000000000000e+06
1.545234500000000000e+06
1.643141000000000000e+06
1.444061750000000000e+06
1.474409750000000000e+06
1.520894000000000000e+06
1.409438000000000000e+06
1.134241000000000000e+06
1.545857625000000000e+06
1.965358250000000000e+06
1.871941250000000000e+06
1.401936000000000000e+06
1.198902000000000000e+06
1.310754500000000000e+06
1.329255500000000000e+06
1.094226875000000000e+06
1.181839125000000000e+06
1.428629500000000000e+06
1.296113750000000000e+06
1.044878500000000000e+06
1.176857500000000000e+06
1.383142500000000000e+06
1.400452750000000000e+06
1.178356750000000000e+06
1.203675375000000000e+06
1.377200000000000000e+06
1.255732500000000000e+06
9.370791250000000000e+05
1.167508750000000000e+06
1.419786375000000000e+06
1.331749500000000000e+06
1.016843875000000000e+06
1.004742875000000000e+06
1.235544375000000000e+06
1.168981500000000000e+06
9.125485000000000000e+05
1.082013500000000000e+06
1.319344250000000000e+06
1.247243000000000000e+06
9.848768750000000000e+05
9.860934375000000000e+05
1.199507750000000000e+06
1.163918750000000000e+06
9.586252500000000000e+05
1.015591500000000000e+06
1.168297500000000000e+06
1.114092000000000000e+06
8.787848125000000000e+05
9.815391875000000000e+05
1.206236750000000000e+06
1.139643750000000000e+06
8.660830000000000000e+05
9.347985000000000000e+05
1.122587500000000000e+06
1.061993875000000000e+06
8.471071875000000000e+05
9.448313125000000000e+05
1.145864000000000000e+06
1.086592250000000000e+06
8.540761875000000000e+05
9.069245000000000000e+05
1.112092250000000000e+06
1.045140500000000000e+06
8.060508750000000000e+05
9.080657500000000000e+05
1.112495250000000000e+06
1.055917250000000000e+06
8.316943750000000000e+05
8.536290625000000000e+05
1.041601875000000000e+06
9.807081250000000000e+05
7.687728125000000000e+05
8.991983750000000000e+05
1.094455875000000000e+06
1.030896937500000000e+06
8.137248125000000000e+05
8.278783750000000000e+05
1.019500250000000000e+06
9.742147500000000000e+05
8.275061250000000000e+05
9.164313750000000000e+05
1.002460562500000000e+06
9.211172500000000000e+05
7.603727500000000000e+05
1.015903562500000000e+06
1.230470000000000000e+06
1.139598750000000000e+06
9.709212500000000000e+05
8.841438750000000000e+05
9.636678750000000000e+05
9.276466250000000000e+05
7.782473125000000000e+05
8.046124375000000000e+05
8.056351250000000000e+05
8.729201250000000000e+05
8.273262500000000000e+05
7.690563750000000000e+05
8.158421875000000000e+05
8.126612500000000000e+05
6.946860000000000000e+05
8.577433125000000000e+05
8.678595625000000000e+05
7.557840000000000000e+05
7.775802500000000000e+05
7.993628750000000000e+05
6.963571875000000000e+05
7.319813125000000000e+05
7.731518750000000000e+05
7.383897500000000000e+05
6.305565000000000000e+05
6.800118750000000000e+05
6.440338750000000000e+05
6.787743125000000000e+05
6.858053125000000000e+05
6.506160000000000000e+05
6.281083750000000000e+05
6.323281250000000000e+05
6.056693750000000000e+05
6.291478750000000000e+05
6.298987500000000000e+05
6.220641250000000000e+05
6.011120000000000000e+05
6.346112500000000000e+05
5.987298750000000000e+05
5.834835000000000000e+05
5.834291250000000000e+05
5.778610000000000000e+05
6.123010625000000000e+05
6.118311250000000000e+05
5.983694375000000000e+05
5.453675000000000000e+05
5.796630000000000000e+05
6.381741250000000000e+05
5.874203750000000000e+05
5.836641250000000000e+05
6.398128750000000000e+05
5.849447500000000000e+05
5.743825625000000000e+05
6.019230000000000000e+05
6.463821250000000000e+05
6.528831875000000000e+05
5.614510000000000000e+05
6.769411250000000000e+05
7.489453125000000000e+05
6.448153125000000000e+05
8.349798750000000000e+05
9.716981250000000000e+05
8.581406250000000000e+05
6.279955625000000000e+05
8.624963750000000000e+05
1.222268750000000000e+06
1.235488250000000000e+06
9.294870625000000000e+05
8.339085000000000000e+05
9.774712500000000000e+05
8.338929375000000000e+05
5.727280000000000000e+05
7.896390625000000000e+05
1.029567500000000000e+06
9.093386250000000000e+05
5.945350000000000000e+05
6.912985000000000000e+05
9.561989375000000000e+05
9.007948750000000000e+05
6.246138750000000000e+05
6.253976875000000000e+05
8.070922500000000000e+05
7.384678750000000000e+05
5.369336250000000000e+05
6.951905000000000000e+05
9.214439375000000000e+05
8.539452500000000000e+05
6.068427500000000000e+05
6.023373750000000000e+05
7.960952500000000000e+05
7.511883750000000000e+05
5.309306250000000000e+05
6.122306250000000000e+05
7.922967500000000000e+05
7.249253750000000000e+05
5.223851875000000000e+05
6.411641250000000000e+05
8.486776875000000000e+05
7.735621250000000000e+05
5.382785000000000000e+05
5.943623125000000000e+05
7.828531875000000000e+05
7.214603750000000000e+05
5.090076250000000000e+05
6.040605000000000000e+05
7.916423125000000000e+05
7.400614375000000000e+05
5.056135625000000000e+05
5.854806875000000000e+05
7.663035000000000000e+05
7.106386250000000000e+05
5.080671250000000000e+05
5.753597500000000000e+05
7.466231875000000000e+05
6.892653750000000000e+05
4.906328125000000000e+05
5.951365625000000000e+05
7.799826250000000000e+05
7.217023750000000000e+05
5.090727187500000000e+05
5.539253125000000000e+05
7.252543750000000000e+05
6.733618750000000000e+05
4.748557500000000000e+05
5.904901875000000000e+05
7.645928750000000000e+05
7.139523125000000000e+05
5.102363437500000000e+05
5.417022500000000000e+05
7.035998750000000000e+05
6.514648125000000000e+05
4.670869375000000000e+05
5.825204375000000000e+05
7.456374375000000000e+05
6.887952500000000000e+05
4.995244687500000000e+05
5.619727500000000000e+05
6.905328750000000000e+05
6.270648750000000000e+05
4.723238437500000000e+05
6.113251250000000000e+05
7.353740000000000000e+05
6.482367500000000000e+05
4.751787500000000000e+05
6.098886875000000000e+05
7.687013750000000000e+05
6.960241250000000000e+05
4.904605000000000000e+05
5.522050000000000000e+05
7.015613125000000000e+05
6.369562500000000000e+05
4.574658125000000000e+05
5.714748750000000000e+05
7.427323750000000000e+05
6.899558750000000000e+05
4.765461875000000000e+05
5.321616875000000000e+05
6.902196250000000000e+05
6.452465000000000000e+05
4.671466250000000000e+05
5.306211250000000000e+05
6.809257500000000000e+05
6.266753750000000000e+05
4.574344687500000000e+05
5.518635000000000000e+05
7.122245000000000000e+05
6.521680000000000000e+05
4.681065937500000000e+05
5.276076875000000000e+05
6.886168125000000000e+05
6.338927500000000000e+05
4.512008750000000000e+05
5.349432500000000000e+05
6.903758125000000000e+05
6.381191250000000000e+05
4.628663437500000000e+05
5.145566875000000000e+05
6.651320000000000000e+05
6.135076250000000000e+05
4.408568750000000000e+05
5.347916250000000000e+05
6.876391250000000000e+05
6.346410000000000000e+05
4.667123437500000000e+05
5.087785000000000000e+05
6.347428125000000000e+05
5.746435000000000000e+05
4.471546875000000000e+05
5.621450000000000000e+05
6.444447500000000000e+05
5.508021250000000000e+05
4.444760000000000000e+05
4.763633125000000000e+05
4.853752500000000000e+05
4.668684375000000000e+05
4.187212500000000000e+05
4.352344687500000000e+05
4.392179687500000000e+05
5.142582187500000000e+05
5.237453750000000000e+05
4.929411875000000000e+05
4.811523125000000000e+05
4.694836562500000000e+05
4.837658125000000000e+05
5.186881875000000000e+05
4.915600000000000000e+05
4.767781875000000000e+05
4.042511250000000000e+05
3.960741250000000000e+05
4.479517812500000000e+05
4.485787812500000000e+05
4.441411875000000000e+05
4.021197500000000000e+05
4.594697187500000000e+05
4.319450000000000000e+05
4.429774375000000000e+05
4.587829375000000000e+05
4.070918125000000000e+05
3.951648750000000000e+05
4.088644375000000000e+05
4.111183437500000000e+05
3.926964375000000000e+05
3.866507500000000000e+05
3.982931562500000000e+05
3.918374375000000000e+05
4.012471562500000000e+05
3.971349375000000000e+05
3.805595000000000000e+05
3.733461875000000000e+05
3.865395625000000000e+05
3.809210937500000000e+05
3.903710000000000000e+05
3.713369375000000000e+05
4.111233437500000000e+05
3.885582812500000000e+05
4.019821875000000000e+05
4.085626875000000000e+05
3.630479062500000000e+05
3.708756875000000000e+05
3.804486250000000000e+05
3.768136875000000000e+05
3.652099062500000000e+05
3.595553750000000000e+05
3.695193125000000000e+05
3.487661250000000000e+05
4.123161562500000000e+05
3.828568125000000000e+05
3.631373437500000000e+05
3.719729375000000000e+05
3.611928125000000000e+05
3.586296875000000000e+05
3.727844375000000000e+05
3.746445000000000000e+05
3.431934687500000000e+05
3.376251250000000000e+05
3.668285625000000000e+05
3.543254375000000000e+05
3.764499375000000000e+05
3.472784375000000000e+05
3.789158750000000000e+05
3.920648437500000000e+05
3.408384687500000000e+05
3.477135937500000000e+05
3.416026875000000000e+05
3.366809375000000000e+05
3.627941562500000000e+05
3.356400625000000000e+05
4.010305625000000000e+05
3.732286875000000000e+05
3.376415000000000000e+05
3.529485625000000000e+05
3.462480937500000000e+05
3.418641875000000000e+05
3.408913750000000000e+05
3.364374062500000000e+05
3.519138750000000000e+05
3.170354375000000000e+05
3.921286562500000000e+05
3.931786250000000000e+05
3.253502500000000000e+05
3.372240000000000000e+05
3.334953750000000000e+05
3.288220625000000000e+05
3.434196250000000000e+05
3.351320625000000000e+05
3.398513750000000000e+05
3.132700625000000000e+05
3.761577500000000000e+05
3.751070625000000000e+05
3.211935625000000000e+05
3.279245937500000000e+05
3.357584375000000000e+05
3.316608437500000000e+05
3.305295312500000000e+05
3.247334375000000000e+05
3.308352500000000000e+05
3.168468437500000000e+05
3.378467812500000000e+05
3.352444375000000000e+05
3.215259687500000000e+05
3.032963750000000000e+05
3.651255625000000000e+05
3.489310000000000000e+05
3.159253750000000000e+05
3.150157500000000000e+05
3.319575312500000000e+05
3.232223437500000000e+05
3.243451875000000000e+05
3.234370625000000000e+05
3.212975625000000000e+05
3.076333750000000000e+05
3.295461875000000000e+05
3.230768750000000000e+05
3.230806250000000000e+05
3.192726250000000000e+05
3.151353437500000000e+05
3.064678437500000000e+05
3.241521875000000000e+05
3.055213750000000000e+05
3.513031875000000000e+05
3.348615625000000000e+05
3.028154062500000000e+05
3.071412500000000000e+05
3.127570625000000000e+05
3.014392500000000000e+05
3.305715000000000000e+05
2.982770625000000000e+05
3.579868125000000000e+05
3.342711875000000000e+05
3.187637812500000000e+05
3.461649062500000000e+05
2.987181875000000000e+05
2.994230937500000000e+05
3.057157500000000000e+05
2.942590937500000000e+05
3.313222500000000000e+05
3.161286250000000000e+05
3.064990937500000000e+05
3.053927500000000000e+05
3.026096250000000000e+05
2.951759375000000000e+05
3.170265625000000000e+05
3.087491250000000000e+05
3.021700000000000000e+05
2.981850000000000000e+05
3.081363437500000000e+05
2.976945000000000000e+05
3.099553750000000000e+05
3.025277500000000000e+05
3.030113125000000000e+05
2.992217500000000000e+05
2.990163437500000000e+05
2.897894375000000000e+05
3.117983750000000000e+05
3.030397500000000000e+05
2.988141250000000000e+05
2.922337500000000000e+05
3.006486250000000000e+05
2.919180312500000000e+05
3.020349375000000000e+05
2.922232500000000000e+05
3.082996562500000000e+05
3.033924687500000000e+05
2.852321875000000000e+05
2.835625625000000000e+05
3.015908750000000000e+05
2.898788125000000000e+05
3.019955625000000000e+05
2.972190625000000000e+05
2.956479375000000000e+05
2.951970625000000000e+05
2.856764375000000000e+05
2.806736562500000000e+05
3.005622500000000000e+05
2.886701250000000000e+05
2.953047500000000000e+05
2.924742812500000000e+05
2.868783125000000000e+05
2.828810000000000000e+05
2.960195625000000000e+05
2.893182187500000000e+05
2.881576875000000000e+05
2.828374375000000000e+05
2.899987500000000000e+05
2.814883750000000000e+05
2.933751250000000000e+05
2.770975312500000000e+05
3.015632812500000000e+05
2.958326875000000000e+05
2.770941875000000000e+05
2.736931562500000000e+05
2.929153437500000000e+05
2.793815625000000000e+05
2.945540000000000000e+05
2.731607500000000000e+05
3.286468125000000000e+05
2.969179375000000000e+05
3.227295937500000000e+05
3.338723125000000000e+05
2.687465312500000000e+05
2.796737812500000000e+05
2.941153125000000000e+05
2.920180312500000000e+05
2.743186562500000000e+05
2.645878437500000000e+05
2.930407812500000000e+05
2.792496875000000000e+05
2.965778125000000000e+05
2.973710000000000000e+05
2.641670625000000000e+05
2.629822187500000000e+05
2.897639687500000000e+05
2.727716875000000000e+05
3.001199687500000000e+05
2.658508750000000000e+05
3.099844687500000000e+05
3.093179062500000000e+05
2.700210000000000000e+05
2.852603750000000000e+05
2.780750000000000000e+05
2.766979062500000000e+05
2.670008437500000000e+05
2.614951562500000000e+05
2.909054375000000000e+05
2.562835625000000000e+05
3.307969062500000000e+05
3.041750000000000000e+05
2.718005625000000000e+05
2.889317500000000000e+05
2.760078750000000000e+05
2.783397187500000000e+05
2.659584375000000000e+05
2.587488437500000000e+05
2.843613125000000000e+05
2.679284062500000000e+05
2.861824375000000000e+05
2.795543125000000000e+05
2.622179375000000000e+05
2.572168125000000000e+05
2.857122812500000000e+05
2.775776250000000000e+05
2.659427187500000000e+05
2.442183125000000000e+05
3.220080937500000000e+05
2.809353125000000000e+05
2.867311562500000000e+05
3.138802500000000000e+05
2.500331093750000000e+05
2.490472812500000000e+05
2.686758750000000000e+05
2.552076250000000000e+05
3.131943125000000000e+05
2.692585000000000000e+05
3.316205625000000000e+05
3.987906875000000000e+05
2.629031250000000000e+05
5.436300000000000000e+05
7.685660000000000000e+05
6.834751250000000000e+05
3.636865625000000000e+05
4.073861250000000000e+05
6.705111250000000000e+05
6.406834375000000000e+05
3.633755000000000000e+05
3.406614062500000000e+05
5.182655625000000000e+05
4.483712500000000000e+05
2.518798750000000000e+05
5.010852187500000000e+05
6.776065000000000000e+05
5.577341875000000000e+05
2.990013750000000000e+05
5.201523437500000000e+05
7.370726250000000000e+05
6.399730000000000000e+05
3.339694375000000000e+05
4.549190000000000000e+05
6.556624375000000000e+05
5.560268750000000000e+05
3.156375937500000000e+05
5.151521250000000000e+05
6.451358125000000000e+05
4.721646562500000000e+05
3.428734375000000000e+05
3.234270000000000000e+05
3.312269375000000000e+05
2.863792187500000000e+05
3.506342812500000000e+05
3.931292812500000000e+05
2.953051875000000000e+05
4.777872187500000000e+05
6.086312500000000000e+05
4.491316250000000000e+05
3.625862500000000000e+05
5.028266562500000000e+05
4.202363750000000000e+05
5.198502500000000000e+05
6.553372500000000000e+05
5.313821250000000000e+05
4.633157500000000000e+05
5.231393125000000000e+05
3.828262187500000000e+05
3.988146875000000000e+05
4.492291875000000000e+05
3.166646875000000000e+05
4.810866562500000000e+05
6.311475000000000000e+05
5.202777187500000000e+05
4.731043750000000000e+05
4.296980312500000000e+05
2.676878750000000000e+05
4.583837187500000000e+05
4.706423125000000000e+05
4.094391562500000000e+05
6.913793750000000000e+05
7.192779375000000000e+05
6.597461875000000000e+05
7.064751250000000000e+05
6.710728750000000000e+05
6.363082500000000000e+05
6.228248750000000000e+05
3.502790000000000000e+05
4.355207500000000000e+05
5.096432500000000000e+05
3.702587187500000000e+05
4.135082812500000000e+05
4.758883750000000000e+05
3.686113125000000000e+05
3.728619375000000000e+05
4.568604687500000000e+05
3.546690312500000000e+05
3.805525625000000000e+05
4.859540000000000000e+05
3.626699062500000000e+05
2.972734062500000000e+05
4.071123750000000000e+05
3.243095000000000000e+05
4.056769062500000000e+05
5.374022500000000000e+05
4.228104062500000000e+05
3.782840000000000000e+05
3.915730625000000000e+05
3.316870937500000000e+05
3.691558437500000000e+05
4.397383125000000000e+05
3.521703750000000000e+05
3.565826562500000000e+05
4.050501250000000000e+05
3.264181250000000000e+05
3.264883125000000000e+05
4.021920625000000000e+05
3.206385625000000000e+05
3.501532500000000000e+05
4.110468750000000000e+05
3.215575000000000000e+05
3.166309375000000000e+05
3.753138750000000000e+05
2.970000000000000000e+05
3.241445625000000000e+05
4.066556875000000000e+05
3.266203125000000000e+05
3.248700625000000000e+05
3.743296562500000000e+05
3.100203437500000000e+05
3.357281875000000000e+05
3.904323437500000000e+05
2.792699687500000000e+05
3.289322500000000000e+05
4.032340937500000000e+05
3.114597500000000000e+05
3.238823437500000000e+05
3.589499062500000000e+05
2.799767500000000000e+05
3.197536875000000000e+05
3.821916875000000000e+05
2.828460625000000000e+05
2.944135625000000000e+05
3.513804375000000000e+05
2.651566875000000000e+05
3.112130000000000000e+05
3.782495937500000000e+05
2.811154375000000000e+05
2.969676562500000000e+05
3.541197500000000000e+05
2.649759375000000000e+05
3.000067500000000000e+05
3.693027500000000000e+05
2.791052500000000000e+05
2.921409062500000000e+05
3.652707500000000000e+05
2.897562500000000000e+05
2.951195625000000000e+05
3.605541250000000000e+05
2.744946875000000000e+05
2.925453125000000000e+05
3.536269062500000000e+05
2.667423125000000000e+05
2.920885625000000000e+05
3.631974687500000000e+05
2.842994687500000000e+05
2.848248125000000000e+05
3.493160000000000000e+05
2.571652812500000000e+05
2.878310625000000000e+05
3.439423125000000000e+05
2.652173437500000000e+05
3.155708437500000000e+05
3.472031250000000000e+05
2.536936875000000000e+05
3.035142812500000000e+05
3.681448750000000000e+05
2.687594062500000000e+05
2.755953437500000000e+05
3.384477187500000000e+05
2.541902500000000000e+05
2.985011250000000000e+05
3.811539375000000000e+05
2.875035312500000000e+05
2.708043750000000000e+05
3.364712812500000000e+05
2.808497500000000000e+05
2.869411875000000000e+05
3.471945625000000000e+05
2.601749531250000000e+05
2.747568750000000000e+05
3.295818125000000000e+05
2.487361875000000000e+05
2.914026875000000000e+05
3.535250937500000000e+05
2.566969062500000000e+05
2.757958437500000000e+05
3.363011562500000000e+05
2.491909375000000000e+05
2.777881562500000000e+05
3.399126875000000000e+05
2.478330312500000000e+05
2.817176875000000000e+05
3.431090000000000000e+05
2.560082343750000000e+05
2.665500625000000000e+05
3.258868750000000000e+05
2.418462187500000000e+05
2.822421875000000000e+05
3.432551250000000000e+05
2.530557500000000000e+05
2.682109375000000000e+05
3.174418125000000000e+05
2.342769375000000000e+05
2.973051562500000000e+05
3.489482500000000000e+05
2.521698437500000000e+05
2.856077500000000000e+05
3.283481875000000000e+05
2.373867500000000000e+05
2.834165312500000000e+05
3.510584375000000000e+05
2.574355468750000000e+05
2.628520312500000000e+05
3.226743125000000000e+05
2.419843906250000000e+05
2.657591562500000000e+05
3.200804375000000000e+05
2.374136406250000000e+05
2.832778437500000000e+05
3.444189375000000000e+05
2.516141250000000000e+05
2.598773125000000000e+05
3.180094375000000000e+05
2.375442187500000000e+05
2.734275937500000000e+05
3.321820000000000000e+05
2.432124843750000000e+05
2.678010937500000000e+05
3.273219375000000000e+05
2.411437968750000000e+05
2.659951875000000000e+05
3.223075625000000000e+05
2.391690468750000000e+05
2.671498750000000000e+05
3.267358750000000000e+05
2.379151875000000000e+05
2.704852187500000000e+05
3.279232500000000000e+05
2.424555937500000000e+05
2.597015937500000000e+05
3.178715625000000000e+05
2.356530000000000000e+05
2.718491250000000000e+05
3.299631562500000000e+05
2.435423593750000000e+05
2.582669687500000000e+05
3.171637187500000000e+05
2.353681562500000000e+05
2.651415625000000000e+05
3.214078750000000000e+05
2.371702500000000000e+05
2.625955625000000000e+05
3.214888750000000000e+05
2.352050312500000000e+05
2.645146250000000000e+05
3.248682812500000000e+05
2.392015937500000000e+05
2.575306250000000000e+05
3.154642500000000000e+05
2.326485000000000000e+05
2.656410000000000000e+05
3.224709375000000000e+05
2.375757343750000000e+05
2.576390312500000000e+05
3.156034687500000000e+05
2.317215156250000000e+05
2.645792500000000000e+05
3.203323125000000000e+05
2.363628281250000000e+05
2.587004375000000000e+05
3.175663750000000000e+05
2.327343437500000000e+05
2.616947031250000000e+05
3.155733437500000000e+05
2.333944687500000000e+05
2.562293906250000000e+05
3.138477500000000000e+05
2.284512187500000000e+05
2.664628750000000000e+05
3.238746562500000000e+05
2.372763125000000000e+05
2.553401093750000000e+05
3.110789687500000000e+05
2.261071562500000000e+05
2.615723437500000000e+05
3.176695625000000000e+05
2.357723437500000000e+05
2.547767187500000000e+05
3.107631875000000000e+05
2.275863593750000000e+05
2.626332500000000000e+05
3.213292500000000000e+05
2.337548593750000000e+05
2.551594687500000000e+05
3.071359375000000000e+05
2.244099843750000000e+05
2.707891250000000000e+05
3.276188125000000000e+05
2.379386093750000000e+05
2.471284062500000000e+05
3.019666875000000000e+05
2.240345937500000000e+05
2.663814062500000000e+05
3.186393437500000000e+05
2.319007812500000000e+05
2.586746562500000000e+05
2.947390937500000000e+05
2.195164843750000000e+05
3.095799375000000000e+05
3.358697812500000000e+05
2.281957656250000000e+05
3.171936250000000000e+05
3.772232187500000000e+05
2.476768750000000000e+05
2.548811875000000000e+05
3.035250625000000000e+05
2.232893906250000000e+05
2.776391250000000000e+05
3.344016562500000000e+05
2.429606875000000000e+05
2.600798125000000000e+05
3.135585625000000000e+05
2.241409062500000000e+05
2.747940937500000000e+05
3.309603125000000000e+05
2.381683437500000000e+05
2.654085625000000000e+05
3.214755000000000000e+05
2.314860937500000000e+05
2.651165000000000000e+05
3.199206875000000000e+05
2.333148281250000000e+05
2.653210937500000000e+05
3.223129375000000000e+05
2.313415000000000000e+05
2.701561562500000000e+05
3.346998437500000000e+05
2.419756250000000000e+05
2.536837812500000000e+05
3.032720937500000000e+05
2.231467187500000000e+05
2.749362500000000000e+05
3.288862812500000000e+05
2.333510000000000000e+05
2.698645000000000000e+05
3.333301562500000000e+05
2.388647656250000000e+05
2.558696406250000000e+05
3.060030625000000000e+05
2.243819375000000000e+05
2.676192812500000000e+05
3.253217500000000000e+05
2.318431562500000000e+05
2.694499375000000000e+05
3.250077812500000000e+05
2.347547343750000000e+05
2.517454218750000000e+05
3.043775625000000000e+05
2.241453125000000000e+05
2.662945312500000000e+05
3.193289375000000000e+05
2.283440625000000000e+05
2.562179218750000000e+05
3.147927187500000000e+05
2.286459531250000000e+05
2.622810937500000000e+05
3.147155937500000000e+05
2.271651093750000000e+05
2.529508125000000000e+05
3.075540937500000000e+05
2.253140000000000000e+05
2.657552812500000000e+05
3.192727500000000000e+05
2.284740468750000000e+05
2.501965937500000000e+05
3.029034375000000000e+05
2.222337031250000000e+05
2.690155000000000000e+05
3.205587500000000000e+05
2.312795937500000000e+05
2.575412500000000000e+05
3.138759375000000000e+05
2.270409062500000000e+05
2.608950625000000000e+05
3.125972500000000000e+05
2.298170000000000000e+05
2.564254062500000000e+05
3.029815312500000000e+05
2.195180781250000000e+05
2.704850000000000000e+05
3.224408750000000000e+05
2.333329687500000000e+05
2.594337187500000000e+05
3.093939062500000000e+05
2.206727031250000000e+05
2.618103437500000000e+05
3.163777812500000000e+05
2.289824687500000000e+05
2.629260625000000000e+05
3.125638750000000000e+05
2.211359375000000000e+05
2.685035000000000000e+05
3.242555312500000000e+05
2.338789218750000000e+05
2.634818125000000000e+05
3.168017812500000000e+05
2.249937500000000000e+05
2.659251562500000000e+05
3.198243125000000000e+05
2.302729218750000000e+05
2.683216875000000000e+05
3.054240625000000000e+05
2.189915937500000000e+05
3.012314062500000000e+05
3.256524062500000000e+05
2.273040625000000000e+05
3.100890625000000000e+05
3.380149687500000000e+05
2.288983437500000000e+05
2.981847500000000000e+05
3.535483437500000000e+05
2.434377968750000000e+05
2.831976250000000000e+05
3.391490000000000000e+05
2.395690312500000000e+05
2.904480937500000000e+05
3.436830000000000000e+05
2.392995312500000000e+05
2.798334375000000000e+05
3.398213750000000000e+05
2.427514218750000000e+05
2.701661562500000000e+05
3.226488750000000000e+05
2.310394218750000000e+05
2.717440625000000000e+05
3.248666250000000000e+05
2.284372187500000000e+05
2.732023750000000000e+05
3.189153125000000000e+05
2.282150312500000000e+05
2.786910312500000000e+05
3.100584687500000000e+05
2.222923125000000000e+05
3.003486562500000000e+05
3.272396875000000000e+05
2.266080781250000000e+05
3.003821875000000000e+05
3.320756875000000000e+05
2.284206093750000000e+05
2.890951250000000000e+05
3.199782812500000000e+05
2.272484218750000000e+05
2.946487500000000000e+05
3.214625625000000000e+05
2.253860000000000000e+05
3.158868750000000000e+05
3.448468125000000000e+05
2.353557812500000000e+05
3.109763750000000000e+05
3.448926250000000000e+05
2.353502968750000000e+05
3.078186250000000000e+05
3.411118125000000000e+05
2.386736093750000000e+05
3.117826250000000000e+05
3.320333437500000000e+05
2.287113125000000000e+05
3.309621562500000000e+05
3.973169375000000000e+05
2.768296875000000000e+05
2.854837812500000000e+05
3.495732187500000000e+05
2.594125312500000000e+05
2.674595625000000000e+05
3.367552500000000000e+05
2.444275156250000000e+05
3.256979375000000000e+05
3.931273750000000000e+05
2.595458593750000000e+05
2.996177500000000000e+05
3.765896250000000000e+05
2.589638125000000000e+05
3.098925000000000000e+05
3.826851250000000000e+05
2.581795000000000000e+05
3.279461562500000000e+05
4.105300000000000000e+05
2.701721562500000000e+05
2.970968125000000000e+05
3.691398750000000000e+05
2.468923125000000000e+05
3.396798750000000000e+05
4.331877187500000000e+05
2.962151250000000000e+05
2.946032812500000000e+05
3.776114687500000000e+05
2.851100625000000000e+05
2.857685312500000000e+05
3.530388125000000000e+05
2.548460312500000000e+05
2.686154687500000000e+05
3.161955625000000000e+05
2.307688906250000000e+05
2.909459375000000000e+05
3.487740000000000000e+05
2.475127187500000000e+05
2.679794687500000000e+05
3.229746250000000000e+05
2.328126406250000000e+05
2.791546875000000000e+05
3.278856250000000000e+05
2.327021562500000000e+05
2.733187187500000000e+05
3.296946875000000000e+05
2.367206875000000000e+05
2.721338750000000000e+05
3.225963750000000000e+05
2.287263906250000000e+05
2.507347812500000000e+05
3.031750312500000000e+05
2.250329062500000000e+05
2.669464375000000000e+05
3.153744375000000000e+05
2.219538906250000000e+05
2.550057187500000000e+05
3.092111250000000000e+05
2.272278125000000000e+05
2.513521562500000000e+05
2.993690625000000000e+05
2.121499687500000000e+05
2.553694375000000000e+05
3.036931250000000000e+05
2.218644218750000000e+05
2.557450000000000000e+05
3.043768750000000000e+05
2.154483750000000000e+05
2.481558593750000000e+05
3.040243125000000000e+05
2.231949843750000000e+05
2.378890000000000000e+05
2.881183125000000000e+05
2.086798750000000000e+05
2.453352500000000000e+05
2.959992187500000000e+05
2.147822500000000000e+05
2.435343125000000000e+05
2.751894687500000000e+05
1.972445000000000000e+05
2.726005937500000000e+05
3.019738750000000000e+05
2.116368437500000000e+05
2.729754375000000000e+05
3.095715625000000000e+05
2.135719687500000000e+05
2.529262187500000000e+05
2.885665937500000000e+05
2.041168125000000000e+05
2.722600000000000000e+05
3.022271250000000000e+05
2.093913125000000000e+05
2.796980000000000000e+05
3.161299687500000000e+05
2.196195312500000000e+05
2.587055625000000000e+05
2.990533125000000000e+05
2.144851562500000000e+05
2.712477500000000000e+05
3.049811562500000000e+05
2.099813750000000000e+05
2.686958125000000000e+05
3.071253125000000000e+05
2.173663906250000000e+05
2.803343437500000000e+05
3.349880000000000000e+05
2.349660312500000000e+05
2.533046406250000000e+05
3.321842500000000000e+05
2.389380468750000000e+05
2.700804062500000000e+05
3.430166562500000000e+05
2.361846562500000000e+05
2.683483437500000000e+05
3.601763750000000000e+05
2.645091250000000000e+05
2.710368437500000000e+05
3.374316250000000000e+05
2.513155468750000000e+05
2.492929375000000000e+05
3.136304687500000000e+05
2.278383437500000000e+05
2.619655312500000000e+05
3.203556562500000000e+05
2.277584687500000000e+05
2.409451562500000000e+05
2.909753750000000000e+05
2.138720625000000000e+05
2.500505312500000000e+05
2.788023437500000000e+05
1.978830312500000000e+05
2.726771875000000000e+05
3.326895000000000000e+05
2.362069062500000000e+05
2.331654062500000000e+05
2.719435000000000000e+05
1.982780937500000000e+05
2.483798593750000000e+05
2.906910000000000000e+05
2.145063125000000000e+05
2.801042500000000000e+05
3.348500312500000000e+05
2.335048437500000000e+05
2.160408437500000000e+05
2.653356875000000000e+05
1.975012500000000000e+05
2.576214062500000000e+05
3.196929375000000000e+05
2.307384843750000000e+05
2.173698750000000000e+05
2.598738750000000000e+05
1.907191406250000000e+05
2.371679531250000000e+05
2.844652500000000000e+05
2.087317187500000000e+05
2.392642187500000000e+05
2.662657812500000000e+05
1.917835625000000000e+05
2.608165312500000000e+05
2.922829375000000000e+05
2.091987343750000000e+05
2.527013281250000000e+05
3.077331875000000000e+05
2.186817187500000000e+05
2.294386406250000000e+05
2.812222812500000000e+05
1.965276718750000000e+05
2.555258593750000000e+05
3.161805937500000000e+05
2.289261406250000000e+05
2.329444687500000000e+05
3.000840312500000000e+05
2.087441875000000000e+05
2.507891718750000000e+05
3.420210000000000000e+05
2.556023281250000000e+05
2.422645312500000000e+05
3.019491875000000000e+05
2.202336718750000000e+05
2.399608437500000000e+05
3.003833125000000000e+05
2.267810937500000000e+05
2.581406562500000000e+05
3.277171250000000000e+05
2.408245625000000000e+05
2.274857656250000000e+05
2.864554375000000000e+05
2.055429218750000000e+05
2.296883437500000000e+05
2.808125625000000000e+05
2.039851875000000000e+05
2.394171093750000000e+05
2.903223125000000000e+05
2.075189531250000000e+05
2.268509062500000000e+05
2.778460000000000000e+05
1.998663906250000000e+05
2.190308125000000000e+05
2.679934375000000000e+05
1.959834375000000000e+05
2.261918750000000000e+05
2.676275625000000000e+05
1.941965937500000000e+05
2.326555156250000000e+05
2.764255937500000000e+05
1.967696875000000000e+05
2.260389218750000000e+05
2.748185625000000000e+05
2.016025000000000000e+05
2.212774687500000000e+05
2.647945625000000000e+05
1.928259687500000000e+05
2.281333906250000000e+05
2.737794375000000000e+05
1.974760781250000000e+05
2.282336250000000000e+05
2.786875625000000000e+05
1.962810625000000000e+05
2.221160937500000000e+05
2.694673750000000000e+05
1.956461250000000000e+05
2.202081875000000000e+05
2.664356875000000000e+05
1.920037812500000000e+05
2.301741562500000000e+05
2.784761562500000000e+05
1.938335312500000000e+05
2.244900625000000000e+05
2.730465000000000000e+05
1.928150156250000000e+05
2.240035625000000000e+05
2.703175625000000000e+05
1.939839843750000000e+05
2.271467187500000000e+05
2.740940000000000000e+05
1.928441250000000000e+05
2.290243281250000000e+05
2.730841875000000000e+05
1.943640937500000000e+05
2.300071718750000000e+05
2.737502500000000000e+05
1.938880625000000000e+05
2.341640312500000000e+05
2.831612187500000000e+05
1.993910937500000000e+05
2.329398593750000000e+05
2.787642500000000000e+05
1.968921250000000000e+05
2.333637656250000000e+05
2.768110625000000000e+05
1.989356875000000000e+05
2.403603281250000000e+05
2.848715625000000000e+05
1.998024062500000000e+05
2.451190312500000000e+05
2.900769375000000000e+05
2.018267656250000000e+05
2.348332500000000000e+05
2.802595312500000000e+05
2.007158125000000000e+05
2.505223750000000000e+05
2.913781562500000000e+05
1.979762500000000000e+05
2.470186875000000000e+05
2.961166875000000000e+05
2.096476875000000000e+05
2.578208125000000000e+05
2.981827500000000000e+05
2.036559218750000000e+05
2.461014375000000000e+05
2.950981875000000000e+05
2.141776250000000000e+05
2.691127500000000000e+05
3.144156562500000000e+05
2.108457812500000000e+05
2.474400937500000000e+05
3.015116875000000000e+05
2.142252656250000000e+05
2.554268125000000000e+05
3.028649062500000000e+05
2.098417968750000000e+05
2.399076562500000000e+05
2.929322812500000000e+05
2.095771875000000000e+05
2.421811093750000000e+05
2.909651250000000000e+05
2.026005781250000000e+05
2.296514531250000000e+05
2.814916875000000000e+05
2.033291875000000000e+05
2.279793437500000000e+05
2.723683125000000000e+05
1.931851562500000000e+05
2.219552500000000000e+05
2.707636562500000000e+05
1.963670625000000000e+05
2.257015312500000000e+05
2.734871250000000000e+05
1.918856875000000000e+05
2.209989843750000000e+05
2.682095000000000000e+05
1.916214375000000000e+05
2.206822656250000000e+05
2.655527500000000000e+05
1.882358593750000000e+05
2.222280000000000000e+05
2.693953125000000000e+05
1.903314687500000000e+05
2.184887968750000000e+05
2.659068437500000000e+05
1.874320625000000000e+05
2.201457500000000000e+05
2.682292500000000000e+05
1.917702500000000000e+05
2.146630000000000000e+05
2.597485000000000000e+05
1.822385625000000000e+05
2.285882968750000000e+05
2.783787187500000000e+05
1.940374687500000000e+05
2.082155937500000000e+05
2.447739375000000000e+05
1.764581562500000000e+05
2.385217500000000000e+05
2.658199375000000000e+05
1.897132812500000000e+05
2.536915937500000000e+05
2.721121875000000000e+05
1.792304843750000000e+05
2.721301562500000000e+05
3.068519375000000000e+05
1.990355937500000000e+05
2.590405625000000000e+05
2.933476250000000000e+05
1.890903906250000000e+05
2.665738437500000000e+05
2.966272500000000000e+05
1.908928125000000000e+05
2.954025000000000000e+05
3.248080625000000000e+05
2.087767500000000000e+05
2.665216250000000000e+05
3.203043750000000000e+05
2.124922343750000000e+05
2.625316875000000000e+05
3.211990625000000000e+05
2.175268125000000000e+05
2.580609843750000000e+05
3.151722500000000000e+05
2.160540000000000000e+05
2.337951875000000000e+05
2.855913750000000000e+05
2.012208750000000000e+05
2.498271875000000000e+05
3.002445625000000000e+05
2.053090312500000000e+05
2.308309843750000000e+05
2.834190625000000000e+05
1.981952187500000000e+05
2.432290781250000000e+05
3.008971875000000000e+05
2.135786406250000000e+05
2.407660468750000000e+05
2.804338125000000000e+05
1.922998437500000000e+05
2.617427812500000000e+05
3.123223125000000000e+05
2.046079062500000000e+05
2.689578125000000000e+05
3.137750000000000000e+05
2.065098125000000000e+05
2.510392187500000000e+05
3.079321875000000000e+05
2.145730000000000000e+05
2.447057343750000000e+05
2.952168750000000000e+05
2.030774062500000000e+05
2.714781875000000000e+05
3.364197500000000000e+05
2.214884687500000000e+05
2.472149687500000000e+05
3.106364375000000000e+05
2.080043750000000000e+05
2.681797500000000000e+05
3.296503125000000000e+05
2.152008437500000000e+05
3.021984375000000000e+05
3.787406250000000000e+05
2.481260937500000000e+05
2.708304375000000000e+05
3.443745625000000000e+05
2.537745000000000000e+05
2.712395937500000000e+05
3.309943125000000000e+05
2.231359218750000000e+05
2.755444375000000000e+05
3.526903750000000000e+05
2.473990312500000000e+05
3.078215625000000000e+05
4.041707500000000000e+05
2.710108437500000000e+05
2.550649062500000000e+05
3.242600000000000000e+05
2.386478750000000000e+05
2.883398750000000000e+05
3.689469062500000000e+05
2.520872343750000000e+05
2.404098281250000000e+05
3.159888125000000000e+05
2.407584062500000000e+05
2.209751562500000000e+05
2.749790312500000000e+05
2.001471250000000000e+05
2.360725937500000000e+05
2.958689062500000000e+05
2.194367656250000000e+05
2.271333125000000000e+05
2.880553750000000000e+05
2.135074218750000000e+05
2.173669687500000000e+05
2.718751250000000000e+05
1.981287187500000000e+05
2.216105000000000000e+05
2.852461562500000000e+05
2.141805625000000000e+05
2.225850000000000000e+05
2.755920625000000000e+05
2.021425000000000000e+05
2.111416562500000000e+05
2.663769687500000000e+05
1.995556875000000000e+05
2.289584687500000000e+05
2.855687500000000000e+05
2.039914062500000000e+05
2.145961562500000000e+05
2.669085625000000000e+05
1.946157812500000000e+05
2.292602031250000000e+05
2.881240937500000000e+05
2.118274218750000000e+05
2.342487187500000000e+05
2.899326250000000000e+05
2.063483125000000000e+05
2.346190781250000000e+05
2.886452812500000000e+05
1.989243125000000000e+05
2.425987500000000000e+05
2.978619375000000000e+05
2.080074687500000000e+05
2.246420312500000000e+05
2.676703750000000000e+05
1.906881875000000000e+05
2.320211562500000000e+05
2.786423437500000000e+05
1.968296875000000000e+05
2.285330000000000000e+05
2.760736250000000000e+05
1.951341250000000000e+05
2.135012343750000000e+05
2.555389375000000000e+05
1.872352343750000000e+05
2.210042656250000000e+05
2.575664062500000000e+05
1.820601562500000000e+05
2.185602500000000000e+05
2.664690625000000000e+05
1.900203750000000000e+05
2.105819687500000000e+05
2.508795156250000000e+05
1.792849375000000000e+05
2.119284062500000000e+05
2.538800625000000000e+05
1.830138281250000000e+05
2.142313593750000000e+05
2.607998750000000000e+05
1.849128750000000000e+05
2.038338750000000000e+05
2.456338750000000000e+05
1.754581093750000000e+05
2.057502187500000000e+05
2.490259687500000000e+05
1.785174062500000000e+05
2.097507500000000000e+05
2.530346875000000000e+05
1.793732968750000000e+05
1.990401562500000000e+05
2.400117187500000000e+05
1.738707343750000000e+05
2.008633437500000000e+05
2.447884687500000000e+05
1.728352500000000000e+05
1.924213750000000000e+05
2.407070312500000000e+05
1.754493125000000000e+05
1.964937812500000000e+05
2.398264062500000000e+05
1.715955625000000000e+05
1.858079687500000000e+05
2.279737968750000000e+05
1.662700937500000000e+05
1.974118125000000000e+05
2.381417343750000000e+05
1.693191718750000000e+05
1.886735000000000000e+05
2.348857031250000000e+05
1.680708593750000000e+05
1.887380625000000000e+05
2.294582343750000000e+05
1.645244687500000000e+05
1.928428125000000000e+05
2.347216875000000000e+05
1.667471875000000000e+05
1.944238906250000000e+05
2.383575312500000000e+05
1.663410937500000000e+05
1.891846250000000000e+05
2.319462187500000000e+05
1.658975000000000000e+05
1.943477187500000000e+05
2.376083437500000000e+05
1.676438125000000000e+05
1.895833593750000000e+05
2.318655000000000000e+05
1.645025937500000000e+05
1.960035625000000000e+05
2.394148125000000000e+05
1.670889687500000000e+05
1.912812343750000000e+05
2.353037968750000000e+05
1.665260625000000000e+05
1.987516875000000000e+05
2.400698437500000000e+05
1.674567187500000000e+05
1.883732812500000000e+05
2.303862968750000000e+05
1.643856875000000000e+05
2.044252656250000000e+05
2.466752812500000000e+05
1.706415000000000000e+05
1.937391250000000000e+05
2.391159687500000000e+05
1.697102812500000000e+05
2.034206875000000000e+05
2.435502031250000000e+05
1.683571406250000000e+05
1.968371562500000000e+05
2.379690000000000000e+05
1.658727812500000000e+05
2.126979531250000000e+05
2.450045937500000000e+05
1.670425000000000000e+05
2.217052500000000000e+05
2.491898437500000000e+05
1.707943750000000000e+05
2.283953125000000000e+05
2.539783125000000000e+05
1.766276250000000000e+05
2.313963281250000000e+05
2.551607031250000000e+05
1.751357500000000000e+05
2.398390468750000000e+05
2.615328437500000000e+05
1.779511093750000000e+05
2.459474218750000000e+05
2.968903125000000000e+05
1.970618750000000000e+05
2.206465312500000000e+05
2.803095000000000000e+05
1.950529375000000000e+05
2.253777343750000000e+05
3.018249375000000000e+05
2.064772187500000000e+05
2.319336093750000000e+05
3.135067500000000000e+05
2.181081875000000000e+05
2.133693750000000000e+05
2.748822187500000000e+05
2.040497031250000000e+05
2.105621093750000000e+05
2.704864375000000000e+05
1.919669687500000000e+05
2.095721250000000000e+05
2.696858750000000000e+05
1.926119375000000000e+05
2.169349531250000000e+05
2.848855000000000000e+05
2.001641875000000000e+05
2.019581562500000000e+05
2.612558750000000000e+05
1.977711875000000000e+05
1.956797187500000000e+05
2.437105000000000000e+05
1.787136562500000000e+05
2.209067031250000000e+05
2.831936250000000000e+05
1.984042187500000000e+05
2.141273437500000000e+05
2.754080625000000000e+05
1.944218750000000000e+05
2.109653125000000000e+05
2.702876875000000000e+05
2.014138906250000000e+05
1.987823437500000000e+05
2.518942500000000000e+05
1.825747343750000000e+05
2.117615937500000000e+05
2.721354062500000000e+05
1.970795312500000000e+05
2.186129218750000000e+05
2.843966875000000000e+05
2.008896093750000000e+05
2.130408593750000000e+05
2.699120625000000000e+05
1.884935625000000000e+05
2.268883125000000000e+05
2.970409375000000000e+05
2.105506250000000000e+05
2.359207187500000000e+05
2.948071875000000000e+05
2.055662187500000000e+05
2.201401875000000000e+05
2.704241250000000000e+05
1.959975781250000000e+05
2.429597812500000000e+05
3.082628750000000000e+05
2.166265312500000000e+05
2.362959687500000000e+05
2.965378437500000000e+05
2.016746406250000000e+05
2.078688750000000000e+05
2.603350468750000000e+05
1.874150156250000000e+05
2.316900000000000000e+05
2.912170000000000000e+05
2.146511406250000000e+05
2.068905468750000000e+05
2.590264062500000000e+05
1.858921875000000000e+05
1.969040000000000000e+05
2.296605625000000000e+05
1.612010000000000000e+05
2.332475937500000000e+05
2.816460625000000000e+05
1.971853750000000000e+05
2.062186093750000000e+05
2.476385312500000000e+05
1.691446562500000000e+05
2.155951250000000000e+05
2.520125937500000000e+05
1.788899218750000000e+05
2.319575781250000000e+05
2.730672187500000000e+05
1.812167968750000000e+05
2.188797656250000000e+05
2.686412187500000000e+05
1.888386562500000000e+05
2.115383125000000000e+05
2.489247187500000000e+05
1.691121562500000000e+05
2.194181250000000000e+05
2.646514375000000000e+05
1.874078437500000000e+05
2.097395312500000000e+05
2.547686562500000000e+05
1.775071406250000000e+05
2.053691875000000000e+05
2.483014062500000000e+05
1.765961875000000000e+05
2.025805000000000000e+05
2.413152031250000000e+05
1.677595312500000000e+05
2.156852187500000000e+05
2.574950625000000000e+05
1.774087656250000000e+05
1.971687500000000000e+05
2.362765937500000000e+05
1.686734375000000000e+05
2.179570312500000000e+05
2.528554218750000000e+05
1.739270625000000000e+05
2.035369062500000000e+05
2.309224062500000000e+05
1.644078437500000000e+05
2.256244687500000000e+05
2.613562656250000000e+05
1.777513125000000000e+05
2.163491250000000000e+05
2.579747812500000000e+05
1.805837812500000000e+05
2.013924375000000000e+05
2.399804375000000000e+05
1.711460156250000000e+05
2.168085781250000000e+05
2.524147500000000000e+05
1.738646875000000000e+05
2.086342187500000000e+05
2.512039687500000000e+05
1.791374375000000000e+05
2.119383125000000000e+05
2.462499375000000000e+05
1.702144062500000000e+05
2.076350000000000000e+05
2.514946406250000000e+05
1.791845937500000000e+05
2.162592187500000000e+05
2.504835625000000000e+05
1.702745625000000000e+05
2.099098437500000000e+05
2.532016406250000000e+05
1.812656718750000000e+05
2.189077031250000000e+05
2.520436562500000000e+05
1.730323750000000000e+05
2.076959531250000000e+05
2.426442812500000000e+05
1.744365937500000000e+05
2.274047187500000000e+05
2.534393125000000000e+05
1.732344687500000000e+05
2.337099218750000000e+05
2.690390312500000000e+05
1.893449687500000000e+05
2.399835468750000000e+05
2.612593437500000000e+05
1.755714375000000000e+05
2.298858593750000000e+05
2.612628281250000000e+05
1.814109843750000000e+05
2.427547812500000000e+05
2.714928750000000000e+05
1.809959687500000000e+05
2.255308906250000000e+05
2.550379062500000000e+05
1.770773437500000000e+05
2.317188593750000000e+05
2.751310625000000000e+05
1.840769531250000000e+05
2.228850000000000000e+05
2.714946250000000000e+05
1.862045156250000000e+05
1.973034062500000000e+05
2.400170156250000000e+05
1.702970937500000000e+05
2.168665468750000000e+05
2.655654687500000000e+05
1.856357812500000000e+05
1.945837187500000000e+05
2.344347968750000000e+05
1.656217968750000000e+05
2.016468437500000000e+05
2.428847968750000000e+05
1.725124375000000000e+05
2.013884531250000000e+05
2.433219375000000000e+05
1.692567031250000000e+05
2.030084843750000000e+05
2.605851875000000000e+05
1.823475000000000000e+05
2.121683437500000000e+05
2.801876250000000000e+05
1.960021406250000000e+05
2.179265468750000000e+05
2.741310625000000000e+05
1.926721250000000000e+05
2.241406562500000000e+05
2.790736875000000000e+05
1.987884843750000000e+05
2.327940937500000000e+05
2.863684687500000000e+05
2.017993750000000000e+05
2.264372500000000000e+05
2.862805000000000000e+05
1.950300000000000000e+05
2.205552343750000000e+05
2.806171250000000000e+05
1.915109687500000000e+05
2.061042656250000000e+05
2.593690312500000000e+05
1.824147968750000000e+05
1.898084687500000000e+05
2.291712187500000000e+05
1.654058437500000000e+05
1.999039375000000000e+05
2.369116406250000000e+05
1.632483750000000000e+05
1.967040937500000000e+05
2.417405156250000000e+05
1.718954218750000000e+05
1.945388906250000000e+05
2.304355625000000000e+05
1.565633750000000000e+05
1.928498906250000000e+05
2.331956250000000000e+05
1.663546093750000000e+05
2.100934687500000000e+05
2.474029062500000000e+05
1.661412968750000000e+05
1.921110312500000000e+05
2.353310000000000000e+05
1.679115312500000000e+05
1.973575312500000000e+05
2.401376250000000000e+05
1.629458750000000000e+05
1.924355625000000000e+05
2.359389218750000000e+05
1.643760937500000000e+05
1.891400312500000000e+05
2.297504531250000000e+05
1.590692812500000000e+05
1.943606875000000000e+05
2.359439843750000000e+05
1.638664375000000000e+05
1.844722031250000000e+05
2.244035781250000000e+05
1.573441718750000000e+05
1.958151875000000000e+05
2.339320781250000000e+05
1.609530156250000000e+05
1.898073906250000000e+05
2.274314687500000000e+05
1.564776562500000000e+05
2.023915312500000000e+05
2.415626875000000000e+05
1.651465937500000000e+05
1.951835156250000000e+05
2.363950937500000000e+05
1.618900937500000000e+05
1.953487343750000000e+05
2.351032031250000000e+05
1.635361875000000000e+05
2.033682968750000000e+05
2.450341406250000000e+05
1.646429843750000000e+05
1.971528437500000000e+05
2.437376875000000000e+05
1.695924375000000000e+05
1.904842656250000000e+05
2.334212187500000000e+05
1.588398281250000000e+05
1.901261250000000000e+05
2.362846250000000000e+05
1.658354375000000000e+05
1.820165156250000000e+05
2.221205937500000000e+05
1.540802187500000000e+05
1.829210937500000000e+05
2.239715468750000000e+05
1.570197968750000000e+05
1.808434375000000000e+05
2.178501718750000000e+05
1.494401562500000000e+05
1.817020468750000000e+05
2.224502031250000000e+05
1.563902968750000000e+05
1.855975312500000000e+05
2.164360312500000000e+05
1.495509375000000000e+05
1.962631562500000000e+05
2.262015312500000000e+05
1.638069843750000000e+05
2.151816875000000000e+05
2.382882812500000000e+05
1.642526250000000000e+05
2.070985781250000000e+05
2.486955312500000000e+05
1.715797656250000000e+05
2.204605937500000000e+05
2.621684687500000000e+05
1.753708125000000000e+05
2.220025000000000000e+05
2.639615000000000000e+05
1.713779375000000000e+05
2.065676875000000000e+05
2.578900312500000000e+05
1.829569218750000000e+05
2.150917187500000000e+05
2.498633750000000000e+05
1.678284218750000000e+05
1.946902656250000000e+05
2.329930937500000000e+05
1.647752187500000000e+05
2.108114062500000000e+05
2.497213906250000000e+05
1.724410468750000000e+05
2.039518281250000000e+05
2.434372656250000000e+05
1.732281250000000000e+05
2.030692968750000000e+05
2.432973750000000000e+05
1.669491250000000000e+05
2.183045000000000000e+05
2.648653750000000000e+05
1.764320937500000000e+05
1.916456875000000000e+05
2.395646250000000000e+05
1.646946562500000000e+05
2.010050000000000000e+05
2.465060937500000000e+05
1.685401718750000000e+05
1.917737500000000000e+05
2.286997812500000000e+05
1.552511093750000000e+05
2.030710000000000000e+05
2.453552812500000000e+05
1.648418281250000000e+05
1.818605937500000000e+05
2.259668437500000000e+05
1.584783437500000000e+05
1.912595937500000000e+05
2.265521250000000000e+05
1.548763437500000000e+05
1.896098125000000000e+05
2.161994375000000000e+05
1.544841250000000000e+05
2.155810625000000000e+05
2.302742343750000000e+05
1.589996250000000000e+05
2.089880000000000000e+05
2.527060000000000000e+05
1.711660000000000000e+05
2.063299375000000000e+05
2.638305625000000000e+05
1.738102812500000000e+05
2.270493750000000000e+05
2.761931875000000000e+05
1.802370468750000000e+05
2.789174062500000000e+05
3.318444062500000000e+05
2.012974062500000000e+05
2.795696562500000000e+05
3.567022500000000000e+05
2.292936093750000000e+05
3.081340000000000000e+05
4.128585312500000000e+05
2.656194375000000000e+05
2.703721250000000000e+05
3.685950625000000000e+05
2.600960156250000000e+05
2.120188437500000000e+05
2.786260000000000000e+05
2.036364687500000000e+05
2.073753906250000000e+05
2.688331250000000000e+05
1.963583906250000000e+05
1.903056250000000000e+05
2.245338906250000000e+05
1.626282343750000000e+05
2.143239375000000000e+05
2.641661250000000000e+05
1.981151250000000000e+05
2.360780937500000000e+05
2.802455625000000000e+05
1.857934062500000000e+05
2.058865000000000000e+05
2.612645468750000000e+05
1.901607812500000000e+05
2.289793437500000000e+05
2.884900000000000000e+05
2.026807812500000000e+05
2.076883437500000000e+05
2.574317812500000000e+05
1.793950625000000000e+05
2.005693125000000000e+05
2.446117187500000000e+05
1.695774687500000000e+05
2.213116250000000000e+05
2.648214062500000000e+05
1.789497187500000000e+05
1.999246250000000000e+05
2.468938593750000000e+05
1.745582968750000000e+05
2.027585781250000000e+05
2.365797656250000000e+05
1.592601093750000000e+05
2.045117656250000000e+05
