2.928079101562500000e+03
4.486263183593750000e+03
3.777544433593750000e+03
1.239749633789062500e+03
2.741877685546875000e+03
3.723380371093750000e+03
3.158246093750000000e+03
1.703024780273437500e+03
9.578789672851562500e+02
1.377769897460937500e+03
1.322885253906250000e+03
8.850166625976562500e+02
9.781650390625000000e+02
1.312483520507812500e+03
1.155924804687500000e+03
7.321521606445312500e+02
8.623963623046875000e+02
1.125392578125000000e+03
1.036185913085937500e+03
7.616274414062500000e+02
6.799038085937500000e+02
8.343257446289062500e+02
7.882622680664062500e+02
6.049201660156250000e+02
8.396541137695312500e+02
1.039613647460937500e+03
9.825039062500000000e+02
8.391936035156250000e+02
6.851296386718750000e+02
8.101235351562500000e+02
8.774916992187500000e+02
7.251845092773437500e+02
5.564278564453125000e+02
5.677170410156250000e+02
5.593100585937500000e+02
5.346848144531250000e+02
5.388460083007812500e+02
5.142309570312500000e+02
5.229221191406250000e+02
4.914166564941406250e+02
5.115352783203125000e+02
4.724614257812500000e+02
4.801018676757812500e+02
4.628173217773437500e+02
4.680968933105468750e+02
4.427803955078125000e+02
4.446011962890625000e+02
4.553964233398437500e+02
3.858448486328125000e+02
4.014694519042968750e+02
4.188555908203125000e+02
3.918509521484375000e+02
4.873955078125000000e+02
5.160678710937500000e+02
4.192437133789062500e+02
3.788457336425781250e+02
4.209639892578125000e+02
4.317012634277343750e+02
3.600685424804687500e+02
4.538775024414062500e+02
4.956887512207031250e+02
4.469901123046875000e+02
3.417879638671875000e+02
3.822551574707031250e+02
3.692500915527343750e+02
3.326229248046875000e+02
4.182242126464843750e+02
4.291299438476562500e+02
3.439046325683593750e+02
4.470337524414062500e+02
5.047727966308593750e+02
5.132142333984375000e+02
3.598395690917968750e+02
5.964682617187500000e+02
7.302874755859375000e+02
5.467537841796875000e+02
8.410377807617187500e+02
9.777309570312500000e+02
6.645181884765625000e+02
3.826579895019531250e+02
7.011069335937500000e+02
9.051645507812500000e+02
6.603679199218750000e+02
4.591447448730468750e+02
5.324797363281250000e+02
3.580675048828125000e+02
5.196514892578125000e+02
7.038529052734375000e+02
5.268765869140625000e+02
5.238167724609375000e+02
6.541771850585937500e+02
4.630381774902343750e+02
4.004407043457031250e+02
4.882449951171875000e+02
3.641777038574218750e+02
5.239400024414062500e+02
6.368840332031250000e+02
4.277976989746093750e+02
3.321848449707031250e+02
4.685739135742187500e+02
3.828172607421875000e+02
5.179238281250000000e+02
6.162051391601562500e+02
4.127145385742187500e+02
3.585736694335937500e+02
4.764376220703125000e+02
3.451036987304687500e+02
3.945836791992187500e+02
4.994209594726562500e+02
3.381466674804687500e+02
3.825292053222656250e+02
4.779973449707031250e+02
3.692716064453125000e+02
3.970244750976562500e+02
4.829823913574218750e+02
3.339143676757812500e+02
3.945379943847656250e+02
5.057925720214843750e+02
3.683618164062500000e+02
3.744503784179687500e+02
4.381105957031250000e+02
3.117288208007812500e+02
3.906390991210937500e+02
4.852982482910156250e+02
3.351694946289062500e+02
3.633171081542968750e+02
4.523522338867187500e+02
3.347997436523437500e+02
3.681916809082031250e+02
4.637794189453125000e+02
3.420258789062500000e+02
3.711536865234375000e+02
4.394271545410156250e+02
3.124760131835937500e+02
3.636027221679687500e+02
4.493723449707031250e+02
3.290786132812500000e+02
3.570013427734375000e+02
4.346543579101562500e+02
3.121969604492187500e+02
3.640124511718750000e+02
4.491932983398437500e+02
3.169292602539062500e+02
3.488925781250000000e+02
4.274783325195312500e+02
3.133940429687500000e+02
3.587658386230468750e+02
4.381307678222656250e+02
3.136250610351562500e+02
3.470710449218750000e+02
4.234384765625000000e+02
3.103881225585937500e+02
3.516985778808593750e+02
4.305693969726562500e+02
3.132080688476562500e+02
3.457887573242187500e+02
4.222318725585937500e+02
3.029776000976562500e+02
3.459326782226562500e+02
4.230314331054687500e+02
3.096816711425781250e+02
3.420653381347656250e+02
4.184880065917968750e+02
3.018899536132812500e+02
3.420027160644531250e+02
4.159026184082031250e+02
3.083204956054687500e+02
3.418342895507812500e+02
4.163946533203125000e+02
2.970891723632812500e+02
3.421025390625000000e+02
4.196846008300781250e+02
3.096779479980468750e+02
3.287841186523437500e+02
3.995784912109375000e+02
2.960807800292968750e+02
3.406589965820312500e+02
4.234786376953125000e+02
3.054404602050781250e+02
3.230973510742187500e+02
3.932235717773437500e+02
2.907176818847656250e+02
3.390260314941406250e+02
4.129409790039062500e+02
3.080958251953125000e+02
3.161575317382812500e+02
3.917628784179687500e+02
2.845245361328125000e+02
3.364579467773437500e+02
4.119722290039062500e+02
3.068554687500000000e+02
3.113276062011718750e+02
3.762100219726562500e+02
2.933711547851562500e+02
3.412804565429687500e+02
4.163184814453125000e+02
3.042238769531250000e+02
3.121317749023437500e+02
3.773026733398437500e+02
2.942601623535156250e+02
3.446887207031250000e+02
3.988502807617187500e+02
2.956818847656250000e+02
3.308103637695312500e+02
3.930819702148437500e+02
2.889420166015625000e+02
3.099531860351562500e+02
3.782363281250000000e+02
2.769854125976562500e+02
3.206634826660156250e+02
3.895153198242187500e+02
3.126792602539062500e+02
3.186312866210937500e+02
3.827720336914062500e+02
2.872271118164062500e+02
3.090476379394531250e+02
3.734278259277343750e+02
2.849207458496093750e+02
3.247666015625000000e+02
3.879163818359375000e+02
2.906572265625000000e+02
3.130183105468750000e+02
3.688309326171875000e+02
2.719241027832031250e+02
3.143906250000000000e+02
3.840718383789062500e+02
2.810724182128906250e+02
3.023708496093750000e+02
3.659229125976562500e+02
2.790197753906250000e+02
3.068480224609375000e+02
3.751482849121093750e+02
2.792528991699218750e+02
3.300554809570312500e+02
3.777333984375000000e+02
2.761936645507812500e+02
3.072668151855468750e+02
3.688111572265625000e+02
2.715691833496093750e+02
3.016716003417968750e+02
3.892553100585937500e+02
3.052241210937500000e+02
3.034920043945312500e+02
3.625130004882812500e+02
2.673108825683593750e+02
3.003565673828125000e+02
3.601179809570312500e+02
2.838702392578125000e+02
3.380014648437500000e+02
3.721502685546875000e+02
2.651582641601562500e+02
3.144131164550781250e+02
3.847711486816406250e+02
2.775430603027343750e+02
2.863461914062500000e+02
3.526173400878906250e+02
2.640463867187500000e+02
3.059043884277343750e+02
3.950519714355468750e+02
3.128125305175781250e+02
2.892610473632812500e+02
3.434432678222656250e+02
2.624235534667968750e+02
2.990893249511718750e+02
3.584973144531250000e+02
2.736531372070312500e+02
3.121220703125000000e+02
3.601952819824218750e+02
2.659766235351562500e+02
2.822287597656250000e+02
3.458140258789062500e+02
2.682045288085937500e+02
2.925266113281250000e+02
3.524976196289062500e+02
2.829970092773437500e+02
2.952242431640625000e+02
3.499665527343750000e+02
2.570706787109375000e+02
2.882767333984375000e+02
3.466324462890625000e+02
2.647792968750000000e+02
2.969901123046875000e+02
3.639797973632812500e+02
2.821554565429687500e+02
3.046072387695312500e+02
3.427053833007812500e+02
2.591015319824218750e+02
2.820846862792968750e+02
3.341080627441406250e+02
2.474249572753906250e+02
2.877566528320312500e+02
3.517929077148437500e+02
2.592457275390625000e+02
2.727899475097656250e+02
3.282999267578125000e+02
2.500007171630859375e+02
2.815143432617187500e+02
3.435558776855468750e+02
2.512085113525390625e+02
2.736437377929687500e+02
3.338786926269531250e+02
2.489377899169921875e+02
2.738676757812500000e+02
3.300862426757812500e+02
2.461436767578125000e+02
2.774293823242187500e+02
3.374014282226562500e+02
2.494004821777343750e+02
2.675946044921875000e+02
3.275116577148437500e+02
2.429860382080078125e+02
2.734217529296875000e+02
3.317538452148437500e+02
2.468457641601562500e+02
2.689436645507812500e+02
3.284505920410156250e+02
2.447496337890625000e+02
2.666785278320312500e+02
3.233667602539062500e+02
2.429633483886718750e+02
2.678223266601562500e+02
3.281647338867187500e+02
2.412562408447265625e+02
2.625496826171875000e+02
3.218164367675781250e+02
2.387006530761718750e+02
2.670829467773437500e+02
3.230226135253906250e+02
2.406762084960937500e+02
2.643247070312500000e+02
3.210660400390625000e+02
2.375758209228515625e+02
2.635220947265625000e+02
3.212349243164062500e+02
2.392654876708984375e+02
2.606911621093750000e+02
3.160085754394531250e+02
2.340316925048828125e+02
2.642123413085937500e+02
3.218742675781250000e+02
2.379129333496093750e+02
2.550842742919921875e+02
3.108059082031250000e+02
2.302740631103515625e+02
2.625254516601562500e+02
3.208621215820312500e+02
2.372482604980468750e+02
2.535137939453125000e+02
3.084137878417968750e+02
2.285914306640625000e+02
2.609353637695312500e+02
3.175778808593750000e+02
2.374125976562500000e+02
2.508847045898437500e+02
3.082611389160156250e+02
2.245610809326171875e+02
2.604997558593750000e+02
3.172054748535156250e+02
2.362313232421875000e+02
2.487170715332031250e+02
3.020101928710937500e+02
2.216820068359375000e+02
2.594047241210937500e+02
3.167040405273437500e+02
2.349330596923828125e+02
2.444712371826171875e+02
2.981635742187500000e+02
2.186801147460937500e+02
2.608031005859375000e+02
3.155786743164062500e+02
2.342231445312500000e+02
2.424403991699218750e+02
2.945685729980468750e+02
2.175493164062500000e+02
2.570452880859375000e+02
3.119925231933593750e+02
2.318767852783203125e+02
2.436696929931640625e+02
2.889537353515625000e+02
2.200707244873046875e+02
2.907737121582031250e+02
3.272016601562500000e+02
2.250876464843750000e+02
2.605139465332031250e+02
3.161812744140625000e+02
2.264919128417968750e+02
2.402413940429687500e+02
2.959575195312500000e+02
2.241341857910156250e+02
2.500136718750000000e+02
3.127857055664062500e+02
2.381738281250000000e+02
2.411610870361328125e+02
3.024960632324218750e+02
2.440620117187500000e+02
2.387789306640625000e+02
2.862652893066406250e+02
2.176891632080078125e+02
2.438232574462890625e+02
2.931541137695312500e+02
2.194079132080078125e+02
2.537167510986328125e+02
2.927451782226562500e+02
2.159988708496093750e+02
2.548222045898437500e+02
3.010130615234375000e+02
2.207342071533203125e+02
2.372862854003906250e+02
2.947767028808593750e+02
2.244744720458984375e+02
2.415766601562500000e+02
3.047829589843750000e+02
2.406047821044921875e+02
2.312931518554687500e+02
2.810105590820312500e+02
2.134432983398437500e+02
2.361434631347656250e+02
2.831967468261718750e+02
2.143783721923828125e+02
2.519471282958984375e+02
2.915239868164062500e+02
2.135376892089843750e+02
2.538180236816406250e+02
2.972111816406250000e+02
2.144255371093750000e+02
2.310291595458984375e+02
2.851560363769531250e+02
2.139622650146484375e+02
2.365796508789062500e+02
3.041818847656250000e+02
2.273702392578125000e+02
2.309040832519531250e+02
2.932019348144531250e+02
2.283739776611328125e+02
2.293400268554687500e+02
2.872872314453125000e+02
2.172250061035156250e+02
2.277698364257812500e+02
2.809666748046875000e+02
2.141396484375000000e+02
2.338231811523437500e+02
2.923415527343750000e+02
2.229676055908203125e+02
2.228873138427734375e+02
2.739479980468750000e+02
2.074772186279296875e+02
2.315550231933593750e+02
2.856108703613281250e+02
2.143123321533203125e+02
2.228811035156250000e+02
2.788496398925781250e+02
2.207437133789062500e+02
2.278426208496093750e+02
2.808930358886718750e+02
2.101397094726562500e+02
2.165680541992187500e+02
2.577370910644531250e+02
1.961038208007812500e+02
2.430723114013671875e+02
2.808746337890625000e+02
2.070635986328125000e+02
2.480924530029296875e+02
2.899199523925781250e+02
2.065145874023437500e+02
2.305579833984375000e+02
2.764484863281250000e+02
2.005094299316406250e+02
2.251200408935546875e+02
2.782889404296875000e+02
2.020317993164062500e+02
2.229167480468750000e+02
2.707350463867187500e+02
2.015606994628906250e+02
2.243245239257812500e+02
2.745354309082031250e+02
2.013451995849609375e+02
2.229478607177734375e+02
2.722150878906250000e+02
2.016654357910156250e+02
2.178717346191406250e+02
2.672640686035156250e+02
1.944542388916015625e+02
2.241783752441406250e+02
2.734824829101562500e+02
2.007008666992187500e+02
2.139968261718750000e+02
2.615823974609375000e+02
1.918903198242187500e+02
2.206720275878906250e+02
2.684797363281250000e+02
1.985200958251953125e+02
2.161257324218750000e+02
2.631249389648437500e+02
1.925848083496093750e+02
2.180625915527343750e+02
2.683530273437500000e+02
1.971262512207031250e+02
2.100025787353515625e+02
2.575359802246093750e+02
1.886139831542968750e+02
2.193472290039062500e+02
2.669218750000000000e+02
1.983212585449218750e+02
2.089619750976562500e+02
2.574018249511718750e+02
1.868733825683593750e+02
2.186803588867187500e+02
2.651584777832031250e+02
1.955852050781250000e+02
2.083036804199218750e+02
2.530873718261718750e+02
1.855971984863281250e+02
2.208565063476562500e+02
2.696334838867187500e+02
1.970078735351562500e+02
2.041824035644531250e+02
2.495707092285156250e+02
1.840675048828125000e+02
2.180212097167968750e+02
2.653409729003906250e+02
1.931286010742187500e+02
2.095980377197265625e+02
2.599408569335937500e+02
1.890525360107421875e+02
2.193829956054687500e+02
2.676499023437500000e+02
2.000788421630859375e+02
2.165113983154296875e+02
2.847622680664062500e+02
2.100084381103515625e+02
2.090707244873046875e+02
2.648578491210937500e+02
2.067008056640625000e+02
2.169420318603515625e+02
2.655359497070312500e+02
1.910342102050781250e+02
2.154691467285156250e+02
2.577935180664062500e+02
1.871039733886718750e+02
2.318864440917968750e+02
2.835334777832031250e+02
1.964880676269531250e+02
2.221260070800781250e+02
2.698732910156250000e+02
1.946440124511718750e+02
2.189955139160156250e+02
2.540180358886718750e+02
1.851005249023437500e+02
2.597787475585937500e+02
2.944586486816406250e+02
2.012503509521484375e+02
2.319236145019531250e+02
2.896769714355468750e+02
2.050933227539062500e+02
2.240307769775390625e+02
2.834661865234375000e+02
1.969830932617187500e+02
2.607369995117187500e+02
3.330158081054687500e+02
2.239300689697265625e+02
2.362899627685546875e+02
3.091186218261718750e+02
2.155730438232421875e+02
2.663182373046875000e+02
3.371081848144531250e+02
2.305824737548828125e+02
2.518382110595703125e+02
3.234734497070312500e+02
2.390231933593750000e+02
2.526008605957031250e+02
3.210209350585937500e+02
2.167234039306640625e+02
2.209851379394531250e+02
2.717484741210937500e+02
1.900827941894531250e+02
2.467374267578125000e+02
3.167465820312500000e+02
2.281358032226562500e+02
2.012215881347656250e+02
2.503938293457031250e+02
1.924313964843750000e+02
2.419395446777343750e+02
2.894743957519531250e+02
2.250761718750000000e+02
2.506291961669921875e+02
2.890534973144531250e+02
2.165322265625000000e+02
2.350934753417968750e+02
2.534701690673828125e+02
1.758475646972656250e+02
2.591964721679687500e+02
3.172182006835937500e+02
2.182589569091796875e+02
1.977228851318359375e+02
2.394234924316406250e+02
1.908106689453125000e+02
2.482300567626953125e+02
3.167247924804687500e+02
2.308203430175781250e+02
2.371145935058593750e+02
2.978097839355468750e+02
2.117910766601562500e+02
2.072257995605468750e+02
2.534403076171875000e+02
1.901256866455078125e+02
2.451405639648437500e+02
3.139848022460937500e+02
2.340393829345703125e+02
2.033871002197265625e+02
2.478197479248046875e+02
1.753615112304687500e+02
2.231621551513671875e+02
2.678136291503906250e+02
1.901259155273437500e+02
2.288116455078125000e+02
2.904615478515625000e+02
2.032935028076171875e+02
1.970056762695312500e+02
2.394326782226562500e+02
1.762629547119140625e+02
2.148379211425781250e+02
2.670560302734375000e+02
1.907061462402343750e+02
1.991338500976562500e+02
2.512400360107421875e+02
1.812601623535156250e+02
1.878424224853515625e+02
2.275596466064453125e+02
1.668639831542968750e+02
2.065939178466796875e+02
2.522305297851562500e+02
1.836573791503906250e+02
1.870468750000000000e+02
2.221434173583984375e+02
1.695531921386718750e+02
2.217393798828125000e+02
2.512672729492187500e+02
1.766960144042968750e+02
1.925376739501953125e+02
2.344303283691406250e+02
1.708252716064453125e+02
1.925620117187500000e+02
2.286859741210937500e+02
1.652020874023437500e+02
2.124681243896484375e+02
2.470503540039062500e+02
1.752562255859375000e+02
1.869396972656250000e+02
2.357508392333984375e+02
1.726976470947265625e+02
1.977278747558593750e+02
2.573876953125000000e+02
1.884848480224609375e+02
1.843688049316406250e+02
2.361430664062500000e+02
1.821348571777343750e+02
1.903141632080078125e+02
2.339339447021484375e+02
1.706772155761718750e+02
1.899432983398437500e+02
2.304443664550781250e+02
1.652660369873046875e+02
1.980942993164062500e+02
2.442387695312500000e+02
1.729077453613281250e+02
1.945053100585937500e+02
2.386765136718750000e+02
1.690640106201171875e+02
1.880191955566406250e+02
2.303922424316406250e+02
1.638668212890625000e+02
2.026369628906250000e+02
2.494379119873046875e+02
1.735914306640625000e+02
1.814381408691406250e+02
2.255842285156250000e+02
1.606325683593750000e+02
2.040326080322265625e+02
2.529910430908203125e+02
1.782875976562500000e+02
1.770052795410156250e+02
2.195871582031250000e+02
1.575470733642578125e+02
2.011748962402343750e+02
2.465006103515625000e+02
1.742187500000000000e+02
1.829635772705078125e+02
2.135440673828125000e+02
1.543284606933593750e+02
2.157973632812500000e+02
2.482235870361328125e+02
1.698003845214843750e+02
1.908159484863281250e+02
2.407065124511718750e+02
1.747261047363281250e+02
1.895807495117187500e+02
2.418420104980468750e+02
1.709373779296875000e+02
2.048479309082031250e+02
2.680433959960937500e+02
1.869401855468750000e+02
2.018218078613281250e+02
2.566762390136718750e+02
1.854240112304687500e+02
2.023535461425781250e+02
2.557187500000000000e+02
1.754859924316406250e+02
2.065353088378906250e+02
2.555666198730468750e+02
1.739801635742187500e+02
2.012005004882812500e+02
2.524825134277343750e+02
1.755794982910156250e+02
1.921483612060546875e+02
2.349196472167968750e+02
1.628315124511718750e+02
1.935910644531250000e+02
2.298028869628906250e+02
1.619468994140625000e+02
2.044566040039062500e+02
2.403241729736328125e+02
1.634051818847656250e+02
1.849121398925781250e+02
2.331673583984375000e+02
1.710318908691406250e+02
1.885744934082031250e+02
2.402093505859375000e+02
1.779806518554687500e+02
1.816670837402343750e+02
2.293257904052734375e+02
1.657608032226562500e+02
1.930386199951171875e+02
2.434682617187500000e+02
1.772254333496093750e+02
1.885353088378906250e+02
2.380728149414062500e+02
1.699650421142578125e+02
1.866552124023437500e+02
2.280327453613281250e+02
1.593394317626953125e+02
1.923485717773437500e+02
2.344866333007812500e+02
1.648573913574218750e+02
1.965152587890625000e+02
2.443957214355468750e+02
1.691247711181640625e+02
1.776371459960937500e+02
2.194998016357421875e+02
1.562748565673828125e+02
1.944115295410156250e+02
2.382290954589843750e+02
1.675002288818359375e+02
1.790491027832031250e+02
2.137115478515625000e+02
1.514226226806640625e+02
1.942813110351562500e+02
2.322951049804687500e+02
1.634919433593750000e+02
1.888634643554687500e+02
2.200651397705078125e+02
1.523551788330078125e+02
1.889001464843750000e+02
2.226612243652343750e+02
1.565553588867187500e+02
1.989427490234375000e+02
2.326582641601562500e+02
1.558461914062500000e+02
1.894686279296875000e+02
2.233910827636718750e+02
1.552373352050781250e+02
2.029083862304687500e+02
2.452193298339843750e+02
1.626547393798828125e+02
1.973492889404296875e+02
2.447685852050781250e+02
1.659990234375000000e+02
1.898983001708984375e+02
2.342877502441406250e+02
1.578451690673828125e+02
2.033115234375000000e+02
2.535956573486328125e+02
1.702996826171875000e+02
1.794621582031250000e+02
2.272780151367187500e+02
1.569361114501953125e+02
1.902254943847656250e+02
2.371421813964843750e+02
1.639349365234375000e+02
1.810553894042968750e+02
2.146078338623046875e+02
1.485246276855468750e+02
1.982010498046875000e+02
2.310582427978515625e+02
1.595402832031250000e+02
1.816983947753906250e+02
2.271764831542968750e+02
1.586925201416015625e+02
1.833405456542968750e+02
2.394828796386718750e+02
1.652561187744140625e+02
2.023666839599609375e+02
2.634969482421875000e+02
1.783737487792968750e+02
2.033377685546875000e+02
2.585524902343750000e+02
1.789606933593750000e+02
2.079276123046875000e+02
2.607198181152343750e+02
1.663919067382812500e+02
2.435688171386718750e+02
3.189786987304687500e+02
2.128969421386718750e+02
1.996701049804687500e+02
2.637420959472656250e+02
1.788374023437500000e+02
1.854720764160156250e+02
2.365385742187500000e+02
1.632084808349609375e+02
1.887903289794921875e+02
2.418478088378906250e+02
1.702652435302734375e+02
1.682229614257812500e+02
2.092357940673828125e+02
1.500982971191406250e+02
1.732850341796875000e+02
2.134002990722656250e+02
1.488806457519531250e+02
1.788640594482421875e+02
2.218893127441406250e+02
1.555807495117187500e+02
1.599617004394531250e+02
1.968035278320312500e+02
1.408070983886718750e+02
1.856109924316406250e+02
2.251901245117187500e+02
1.539429931640625000e+02
1.669560241699218750e+02
1.988241882324218750e+02
1.406295318603515625e+02
1.952429809570312500e+02
2.266308898925781250e+02
1.526824645996093750e+02
1.758810424804687500e+02
2.191676635742187500e+02
1.533232421875000000e+02
1.832835083007812500e+02
2.381874389648437500e+02
1.600968322753906250e+02
1.886268463134765625e+02
2.492681579589843750e+02
1.730193328857421875e+02
1.864473876953125000e+02
2.406594848632812500e+02
1.678421325683593750e+02
1.918444213867187500e+02
2.435191802978515625e+02
1.654457550048828125e+02
1.926324005126953125e+02
2.508857727050781250e+02
1.759534912109375000e+02
1.831660461425781250e+02
2.384482421875000000e+02
1.648555297851562500e+02
1.660762786865234375e+02
2.078376312255859375e+02
1.456660614013671875e+02
1.822789154052734375e+02
2.297153015136718750e+02
1.620870971679687500e+02
1.593690643310546875e+02
2.011369781494140625e+02
1.424376831054687500e+02
1.653972778320312500e+02
2.024783325195312500e+02
1.431380310058593750e+02
1.734515380859375000e+02
2.144575653076171875e+02
1.482640075683593750e+02
1.575929565429687500e+02
1.965901947021484375e+02
1.410887451171875000e+02
1.681427612304687500e+02
2.057109985351562500e+02
1.424787292480468750e+02
1.641020355224609375e+02
2.043728027343750000e+02
1.436287994384765625e+02
1.634602355957031250e+02
2.018565063476562500e+02
1.423414916992187500e+02
1.607599487304687500e+02
1.996886444091796875e+02
1.395225982666015625e+02
1.653199157714843750e+02
2.051577453613281250e+02
1.430484008789062500e+02
1.563129577636718750e+02
1.956753845214843750e+02
1.373690490722656250e+02
1.625797729492187500e+02
2.007431335449218750e+02
1.400444030761718750e+02
1.577327880859375000e+02
1.959293212890625000e+02
1.366574249267578125e+02
1.619271545410156250e+02
1.994392089843750000e+02
1.401090393066406250e+02
1.585636749267578125e+02
1.959297637939453125e+02
1.367780456542968750e+02
1.604630432128906250e+02
1.987944946289062500e+02
1.390706787109375000e+02
1.580610961914062500e+02
1.956803131103515625e+02
1.346011352539062500e+02
1.665593872070312500e+02
2.050507507324218750e+02
1.412109222412109375e+02
1.613334350585937500e+02
1.985294189453125000e+02
1.355648345947265625e+02
1.709368896484375000e+02
2.144809722900390625e+02
1.453795166015625000e+02
1.595865020751953125e+02
1.945785675048828125e+02
1.330648651123046875e+02
1.805105438232421875e+02
2.199803771972656250e+02
1.447922973632812500e+02
1.759262084960937500e+02
2.210600128173828125e+02
1.458444519042968750e+02
1.692878265380859375e+02
2.077707214355468750e+02
1.405716400146484375e+02
1.779922180175781250e+02
2.191976013183593750e+02
1.432597045898437500e+02
1.789893951416015625e+02
2.250640563964843750e+02
1.499142456054687500e+02
1.679450531005859375e+02
2.109665222167968750e+02
1.412248382568359375e+02
1.682328186035156250e+02
2.109963531494140625e+02
1.423187408447265625e+02
1.738648071289062500e+02
2.162184143066406250e+02
1.437580566406250000e+02
1.638588714599609375e+02
2.059784088134765625e+02
1.410994567871093750e+02
1.742396697998046875e+02
2.155138549804687500e+02
1.425113372802734375e+02
1.614782104492187500e+02
2.026757202148437500e+02
1.386405334472656250e+02
1.817955169677734375e+02
2.220651855468750000e+02
1.444857788085937500e+02
1.641896972656250000e+02
2.067575225830078125e+02
1.401833648681640625e+02
1.811295471191406250e+02
2.250115661621093750e+02
1.458247528076171875e+02
1.611948547363281250e+02
1.921305084228515625e+02
1.305036163330078125e+02
2.026683654785156250e+02
2.315411224365234375e+02
1.452501525878906250e+02
1.779335021972656250e+02
2.283695373535156250e+02
1.533457031250000000e+02
1.776643524169921875e+02
2.342715759277343750e+02
1.506120910644531250e+02
2.032755737304687500e+02
2.729173583984375000e+02
1.772728271484375000e+02
2.006494750976562500e+02
2.642360229492187500e+02
1.741974029541015625e+02
1.991969299316406250e+02
2.637637023925781250e+02
1.778418731689453125e+02
1.779782257080078125e+02
2.393663330078125000e+02
1.642950744628906250e+02
1.678037109375000000e+02
2.225391540527343750e+02
1.527756042480468750e+02
1.641239624023437500e+02
2.145922851562500000e+02
1.447602844238281250e+02
1.747831573486328125e+02
2.367111968994140625e+02
1.632825469970703125e+02
1.756162109375000000e+02
2.234185638427734375e+02
1.509120483398437500e+02
1.752890777587890625e+02
2.228021850585937500e+02
1.509973754882812500e+02
1.947995910644531250e+02
2.499906616210937500e+02
1.727478942871093750e+02
1.870494689941406250e+02
2.451420135498046875e+02
1.634801635742187500e+02
1.665935058593750000e+02
2.110807495117187500e+02
1.433395385742187500e+02
1.683303527832031250e+02
2.189758605957031250e+02
1.532203063964843750e+02
1.450421752929687500e+02
1.811388854980468750e+02
1.294436187744140625e+02
1.544522247314453125e+02
1.889205932617187500e+02
1.331718444824218750e+02
1.551427307128906250e+02
1.921795959472656250e+02
1.336539306640625000e+02
1.443121032714843750e+02
1.770595397949218750e+02
1.262563934326171875e+02
1.566920166015625000e+02
1.901723175048828125e+02
1.319657135009765625e+02
1.521384124755859375e+02
1.884125366210937500e+02
1.288005371093750000e+02
1.541131591796875000e+02
1.892313842773437500e+02
1.304788513183593750e+02
1.517995300292968750e+02
1.884752960205078125e+02
1.303669128417968750e+02
1.586166381835937500e+02
1.942796936035156250e+02
1.334116058349609375e+02
1.500429687500000000e+02
1.879841461181640625e+02
1.283605804443359375e+02
1.568212585449218750e+02
1.953852233886718750e+02
1.329775848388671875e+02
1.467124633789062500e+02
1.783441467285156250e+02
1.228466186523437500e+02
1.635215759277343750e+02
2.038112945556640625e+02
1.375749359130859375e+02
1.414713745117187500e+02
1.772720336914062500e+02
1.243735809326171875e+02
1.545361328125000000e+02
1.903248443603515625e+02
1.287995452880859375e+02
1.507279510498046875e+02
1.880713806152343750e+02
1.285235290527343750e+02
1.544167327880859375e+02
1.935822296142578125e+02
1.325359802246093750e+02
1.449977111816406250e+02
1.803645477294921875e+02
1.220268096923828125e+02
1.570086059570312500e+02
1.942916259765625000e+02
1.312677612304687500e+02
1.483216400146484375e+02
1.846354370117187500e+02
1.257164688110351562e+02
1.520824279785156250e+02
1.893267517089843750e+02
1.283691253662109375e+02
1.555898437500000000e+02
1.922197875976562500e+02
1.274188690185546875e+02
1.475924530029296875e+02
1.855682067871093750e+02
1.274533538818359375e+02
1.550923309326171875e+02
1.925134735107421875e+02
1.265777511596679688e+02
1.516216430664062500e+02
1.923342895507812500e+02
1.305713195800781250e+02
1.516989135742187500e+02
1.889715881347656250e+02
1.258181457519531250e+02
1.488360443115234375e+02
1.863072204589843750e+02
1.267097930908203125e+02
1.530516662597656250e+02
1.923751220703125000e+02
1.274561462402343750e+02
1.477580871582031250e+02
1.861122741699218750e+02
1.259452667236328125e+02
1.491018218994140625e+02
1.861363220214843750e+02
1.239556808471679688e+02
1.495740051269531250e+02
1.863041687011718750e+02
1.256800537109375000e+02
1.496009521484375000e+02
1.881011962890625000e+02
1.255538711547851562e+02
1.527946472167968750e+02
1.904296264648437500e+02
1.253120117187500000e+02
1.483212585449218750e+02
1.861336059570312500e+02
1.237694168090820312e+02
1.584878387451171875e+02
1.958848876953125000e+02
1.290237274169921875e+02
1.496949157714843750e+02
1.880487670898437500e+02
1.253204956054687500e+02
1.603417053222656250e+02
1.990609436035156250e+02
1.301391601562500000e+02
1.511499938964843750e+02
1.895670471191406250e+02
1.244419097900390625e+02
1.593671875000000000e+02
2.008601379394531250e+02
1.319950866699218750e+02
1.476778259277343750e+02
1.869200897216796875e+02
1.249973220825195312e+02
1.483066406250000000e+02
1.885541534423828125e+02
1.265833892822265625e+02
1.473942718505859375e+02
1.866560058593750000e+02
1.247901687622070312e+02
1.416679077148437500e+02
1.783937683105468750e+02
1.224111175537109375e+02
1.401865844726562500e+02
1.764205627441406250e+02
1.205292739868164062e+02
1.418253479003906250e+02
1.759228515625000000e+02
1.198004760742187500e+02
1.412913208007812500e+02
1.757568359375000000e+02
1.207473297119140625e+02
1.453187866210937500e+02
1.789806213378906250e+02
1.215463790893554688e+02
1.416768646240234375e+02
1.757748260498046875e+02
1.195264663696289062e+02
1.509933776855468750e+02
1.843292388916015625e+02
1.232834472656250000e+02
1.511123199462890625e+02
1.880020599365234375e+02
1.230298309326171875e+02
1.543821868896484375e+02
1.911404418945312500e+02
1.261067657470703125e+02
1.534980773925781250e+02
1.893069152832031250e+02
1.221987152099609375e+02
1.630031433105468750e+02
2.004125061035156250e+02
1.292305755615234375e+02
1.646310424804687500e+02
2.029245605468750000e+02
1.272718200683593750e+02
1.675092468261718750e+02
2.064718475341796875e+02
1.314676513671875000e+02
1.677173767089843750e+02
2.067983093261718750e+02
1.291965332031250000e+02
1.816193084716796875e+02
2.257373352050781250e+02
1.396067962646484375e+02
1.766047363281250000e+02
2.195325317382812500e+02
1.333548431396484375e+02
1.791449890136718750e+02
2.274944763183593750e+02
1.414800872802734375e+02
1.825416259765625000e+02
2.298366088867187500e+02
1.401164245605468750e+02
1.609653015136718750e+02
2.073217468261718750e+02
1.325640106201171875e+02
1.815863342285156250e+02
2.303544158935546875e+02
1.432098693847656250e+02
1.498816833496093750e+02
1.822520446777343750e+02
1.196505050659179688e+02
1.894446105957031250e+02
2.241639862060546875e+02
1.379111022949218750e+02
1.513457641601562500e+02
1.868876953125000000e+02
1.238312530517578125e+02
1.757962951660156250e+02
1.993190307617187500e+02
1.227328796386718750e+02
1.682530212402343750e+02
2.107469635009765625e+02
1.358246307373046875e+02
1.671952209472656250e+02
2.226330108642578125e+02
1.378903045654296875e+02
1.652459106445312500e+02
2.212592163085937500e+02
1.402386779785156250e+02
2.037588500976562500e+02
2.749135131835937500e+02
1.815206298828125000e+02
1.516432647705078125e+02
2.005672302246093750e+02
1.308208160400390625e+02
1.599321899414062500e+02
2.088901824951171875e+02
1.375655975341796875e+02
1.517927093505859375e+02
1.975895233154296875e+02
1.332411346435546875e+02
1.341722106933593750e+02
1.691094970703125000e+02
1.173282012939453125e+02
1.456891784667968750e+02
1.809506835937500000e+02
1.221679992675781250e+02
1.472430114746093750e+02
1.852359313964843750e+02
1.224190063476562500e+02
1.367442779541015625e+02
1.717086334228515625e+02
1.171532135009765625e+02
1.450361175537109375e+02
1.784884796142578125e+02
1.187135620117187500e+02
1.379123687744140625e+02
1.748443603515625000e+02
1.200596313476562500e+02
1.396682891845703125e+02
1.721156921386718750e+02
1.150267257690429688e+02
1.411262512207031250e+02
1.765730438232421875e+02
1.189284667968750000e+02
1.471409454345703125e+02
1.816174316406250000e+02
1.183368835449218750e+02
1.387944641113281250e+02
1.724798736572265625e+02
1.174917449951171875e+02
1.577368469238281250e+02
1.920026397705078125e+02
1.224107513427734375e+02
1.395037231445312500e+02
1.783471221923828125e+02
1.205150604248046875e+02
1.501252136230468750e+02
1.860728149414062500e+02
1.207196655273437500e+02
1.400296630859375000e+02
1.733325195312500000e+02
1.161481170654296875e+02
1.522368469238281250e+02
1.924513854980468750e+02
1.259462738037109375e+02
1.363829498291015625e+02
1.800687103271484375e+02
1.271691894531250000e+02
1.416006469726562500e+02
1.842361450195312500e+02
1.199992828369140625e+02
1.525699768066406250e+02
1.927836608886718750e+02
1.212691497802734375e+02
1.694867095947265625e+02
2.140407409667968750e+02
1.316692199707031250e+02
1.678021850585937500e+02
2.223619689941406250e+02
1.426068572998046875e+02
1.839833679199218750e+02
2.405197448730468750e+02
1.469460601806640625e+02
1.838302917480468750e+02
2.447958068847656250e+02
1.535989379882812500e+02
1.742796936035156250e+02
2.397357482910156250e+02
1.576632080078125000e+02
1.685752868652343750e+02
2.284579162597656250e+02
1.487755432128906250e+02
1.452293701171875000e+02
1.875116729736328125e+02
1.214412384033203125e+02
1.499839782714843750e+02
1.917682342529296875e+02
1.293852844238281250e+02
1.492366333007812500e+02
1.864869995117187500e+02
1.217141876220703125e+02
1.432381896972656250e+02
1.777424468994140625e+02
1.166637039184570312e+02
1.567359008789062500e+02
1.978712768554687500e+02
1.261021728515625000e+02
1.442839965820312500e+02
1.799128723144531250e+02
1.194939193725585938e+02
1.378538513183593750e+02
1.739345092773437500e+02
1.177490158081054688e+02
1.456943206787109375e+02
1.801115112304687500e+02
1.184366149902343750e+02
1.385353088378906250e+02
1.733156433105468750e+02
1.164973678588867188e+02
1.498582458496093750e+02
1.820291900634765625e+02
1.181228637695312500e+02
1.441021728515625000e+02
1.792564697265625000e+02
1.166010894775390625e+02
1.557200469970703125e+02
1.918220520019531250e+02
1.237626876831054688e+02
1.528449096679687500e+02
1.780645294189453125e+02
1.127020492553710938e+02
1.719565124511718750e+02
2.008236236572265625e+02
1.256799163818359375e+02
1.694022216796875000e+02
2.129971618652343750e+02
1.316009826660156250e+02
1.492127532958984375e+02
1.894103240966796875e+02
1.225082092285156250e+02
1.604635314941406250e+02
1.914655303955078125e+02
1.196574401855468750e+02
1.575852355957031250e+02
1.917136535644531250e+02
1.265581512451171875e+02
1.416806335449218750e+02
1.761374969482421875e+02
1.134653778076171875e+02
1.503609008789062500e+02
1.874041290283203125e+02
1.219277420043945312e+02
1.443767700195312500e+02
1.838700714111328125e+02
1.217464904785156250e+02
1.329227752685546875e+02
1.677915344238281250e+02
1.122483749389648438e+02
1.395050048828125000e+02
1.748974609375000000e+02
1.172003326416015625e+02
1.313502349853515625e+02
1.646110534667968750e+02
1.109156799316406250e+02
1.354114379882812500e+02
1.701089477539062500e+02
1.147762756347656250e+02
1.241022033691406250e+02
1.546285400390625000e+02
1.057153625488281250e+02
1.362367553710937500e+02
1.724324951171875000e+02
1.167003631591796875e+02
1.183311004638671875e+02
1.501600646972656250e+02
1.059540405273437500e+02
1.252134552001953125e+02
1.551214141845703125e+02
1.049029083251953125e+02
1.245864410400390625e+02
1.581294555664062500e+02
1.099073791503906250e+02
1.171829986572265625e+02
1.469505004882812500e+02
1.018611297607421875e+02
1.247611694335937500e+02
1.561882629394531250e+02
1.057455749511718750e+02
1.221094055175781250e+02
1.532036743164062500e+02
1.033626861572265625e+02
1.238398284912109375e+02
1.540521545410156250e+02
1.050423126220703125e+02
1.264065093994140625e+02
1.588321838378906250e+02
1.050318908691406250e+02
1.238383483886718750e+02
1.542767028808593750e+02
1.045751571655273438e+02
1.277290267944335938e+02
1.592177734375000000e+02
1.043885269165039062e+02
1.305012817382812500e+02
1.630282440185546875e+02
1.078616027832031250e+02
1.362928009033203125e+02
1.690981292724609375e+02
1.080977020263671875e+02
1.322140960693359375e+02
1.645180053710937500e+02
1.083204727172851562e+02
1.450240631103515625e+02
1.787264099121093750e+02
1.121080398559570312e+02
1.339138488769531250e+02
1.688764648437500000e+02
1.103617553710937500e+02
1.456669311523437500e+02
1.833293762207031250e+02
1.136733398437500000e+02
1.337586975097656250e+02
1.709211730957031250e+02
1.109989776611328125e+02
1.432626037597656250e+02
1.807762451171875000e+02
1.152127838134765625e+02
1.325940093994140625e+02
1.636829681396484375e+02
1.057057266235351562e+02
1.466948089599609375e+02
1.742787170410156250e+02
1.096640167236328125e+02
1.382494201660156250e+02
1.733268737792968750e+02
1.114173736572265625e+02
1.312535705566406250e+02
1.681561889648437500e+02
1.087445526123046875e+02
1.363906707763671875e+02
1.718981628417968750e+02
1.107469635009765625e+02
1.274504013061523438e+02
1.630565185546875000e+02
1.074497070312500000e+02
1.340809936523437500e+02
1.696649169921875000e+02
1.100318756103515625e+02
1.241263580322265625e+02
1.547762298583984375e+02
1.023051452636718750e+02
1.402342834472656250e+02
1.771696472167968750e+02
1.147433242797851562e+02
1.192379226684570312e+02
1.515295715332031250e+02
1.030102539062500000e+02
1.312826080322265625e+02
1.636530761718750000e+02
1.059800643920898438e+02
1.271192779541015625e+02
1.624149475097656250e+02
1.083168563842773438e+02
1.228814773559570312e+02
1.532769775390625000e+02
1.013966751098632812e+02
1.283156738281250000e+02
1.624387817382812500e+02
1.073189849853515625e+02
1.273686828613281250e+02
1.591126403808593750e+02
1.034562301635742188e+02
1.255732269287109375e+02
1.590077667236328125e+02
1.060139617919921875e+02
1.290823516845703125e+02
1.608272857666015625e+02
1.042188720703125000e+02
1.290164947509765625e+02
1.645638885498046875e+02
1.077880172729492188e+02
1.259861755371093750e+02
1.576600952148437500e+02
1.019355773925781250e+02
1.317324218750000000e+02
1.678739013671875000e+02
1.084132308959960938e+02
1.279118118286132812e+02
1.610861816406250000e+02
1.030044250488281250e+02
1.317884674072265625e+02
1.661463623046875000e+02
1.075162429809570312e+02
1.300133972167968750e+02
1.630298461914062500e+02
1.041343078613281250e+02
1.302656555175781250e+02
1.626888885498046875e+02
1.054654541015625000e+02
1.361876373291015625e+02
1.698274078369140625e+02
1.066804962158203125e+02
1.343978881835937500e+02
1.677991485595703125e+02
1.060622177124023438e+02
1.442225799560546875e+02
1.816688842773437500e+02
1.128880615234375000e+02
1.330713806152343750e+02
1.696217346191406250e+02
1.067054290771484375e+02
1.380073852539062500e+02
1.762318267822265625e+02
1.116575012207031250e+02
1.310259399414062500e+02
1.620156860351562500e+02
1.039560470581054688e+02
1.414143981933593750e+02
1.721993408203125000e+02
1.118987884521484375e+02
1.395883178710937500e+02
1.662594299316406250e+02
1.059523086547851562e+02
1.398440093994140625e+02
1.675767669677734375e+02
1.070818862915039062e+02
1.481859741210937500e+02
1.743181457519531250e+02
1.072140502929687500e+02
1.431670989990234375e+02
1.742148284912109375e+02
1.103259201049804688e+02
1.478604583740234375e+02
1.719067993164062500e+02
1.047635192871093750e+02
1.545189971923828125e+02
1.862620239257812500e+02
1.157330169677734375e+02
1.547514648437500000e+02
1.798575744628906250e+02
1.077455596923828125e+02
1.532140502929687500e+02
1.916290435791015625e+02
1.194536132812500000e+02
1.443869934082031250e+02
1.858937072753906250e+02
1.162343826293945312e+02
1.392571563720703125e+02
1.849131164550781250e+02
1.154851150512695312e+02
1.486093444824218750e+02
1.912186584472656250e+02
1.139534835815429688e+02
1.530376739501953125e+02
1.949741821289062500e+02
1.152352600097656250e+02
1.696732788085937500e+02
2.118190307617187500e+02
1.198523406982421875e+02
1.955743255615234375e+02
2.452337951660156250e+02
1.316323089599609375e+02
2.062112731933593750e+02
2.627975463867187500e+02
1.406533203125000000e+02
2.299790954589843750e+02
3.041666870117187500e+02
1.685266571044921875e+02
1.806298828125000000e+02
2.632500000000000000e+02
1.609916839599609375e+02
1.799615631103515625e+02
2.544478912353515625e+02
1.721733551025390625e+02
1.516712951660156250e+02
2.095087585449218750e+02
1.406333618164062500e+02
1.348583374023437500e+02
1.801785125732421875e+02
1.225913848876953125e+02
1.256593399047851562e+02
1.632720642089843750e+02
1.114308624267578125e+02
1.354613952636718750e+02
1.760565032958984375e+02
1.224552917480468750e+02
1.293249359130859375e+02
1.652082824707031250e+02
1.126230392456054688e+02
1.317793579101562500e+02
1.731912231445312500e+02
1.188364715576171875e+02
1.313511962890625000e+02
1.693212432861328125e+02
1.113255233764648438e+02
1.275337829589843750e+02
1.645134887695312500e+02
1.087290725708007812e+02
1.285473632812500000e+02
1.603520050048828125e+02
1.051931076049804688e+02
1.222817535400390625e+02
1.559554138183593750e+02
1.058108901977539062e+02
1.246904220581054688e+02
1.547290039062500000e+02
1.003207550048828125e+02
1.204344024658203125e+02
1.528419952392578125e+02
1.025787811279296875e+02
1.229317779541015625e+02
1.528250427246093750e+02
1.003663787841796875e+02
1.160871276855468750e+02
1.478420257568359375e+02
9.991058349609375000e+01
1.216347885131835938e+02
1.515860595703125000e+02
9.985528564453125000e+01
1.157285156250000000e+02
1.473580017089843750e+02
9.927404022216796875e+01
1.147528457641601562e+02
1.455266723632812500e+02
9.611390686035156250e+01
1.163301467895507812e+02
1.470614013671875000e+02
9.854110717773437500e+01
1.126666641235351562e+02
1.431762847900390625e+02
9.553142547607421875e+01
1.132248229980468750e+02
1.439051513671875000e+02
9.691721343994140625e+01
1.104911651611328125e+02
1.405369567871093750e+02
9.355619812011718750e+01
1.124634552001953125e+02
1.418317260742187500e+02
9.564456176757812500e+01
1.102110900878906250e+02
1.397802276611328125e+02
9.281257629394531250e+01
1.135218353271484375e+02
1.427847595214843750e+02
9.546339416503906250e+01
1.112034301757812500e+02
1.401697692871093750e+02
9.284770202636718750e+01
1.139940032958984375e+02
1.426567382812500000e+02
9.599450683593750000e+01
1.115882720947265625e+02
1.407416992187500000e+02
9.268463134765625000e+01
1.153273010253906250e+02
1.436716918945312500e+02
9.559564208984375000e+01
1.140458374023437500e+02
1.433661499023437500e+02
9.326504516601562500e+01
1.170876464843750000e+02
1.472596588134765625e+02
9.746598815917968750e+01
1.123248977661132812e+02
1.425554504394531250e+02
9.293365478515625000e+01
1.164119262695312500e+02
1.469642028808593750e+02
9.743556976318359375e+01
1.108333587646484375e+02
1.341081542968750000e+02
8.766273498535156250e+01
1.329077453613281250e+02
1.549744262695312500e+02
9.950999450683593750e+01
1.198775329589843750e+02
1.543820800781250000e+02
1.008398666381835938e+02
1.150725021362304688e+02
1.533842163085937500e+02
9.858209228515625000e+01
1.374973754882812500e+02
1.906059417724609375e+02
1.248193054199218750e+02
1.187335815429687500e+02
1.532484130859375000e+02
1.054811401367187500e+02
1.330692138671875000e+02
1.700074462890625000e+02
1.152828369140625000e+02
1.372830200195312500e+02
1.775706787109375000e+02
1.139632415771484375e+02
1.230925598144531250e+02
1.615407257080078125e+02
1.056002502441406250e+02
1.325281677246093750e+02
1.758110351562500000e+02
1.188046646118164062e+02
1.226791992187500000e+02
1.584782104492187500e+02
1.022238159179687500e+02
1.139280242919921875e+02
1.433392639160156250e+02
9.375828552246093750e+01
1.314160919189453125e+02
1.659329223632812500e+02
1.068697280883789062e+02
1.234672241210937500e+02
1.544073181152343750e+02
1.000055389404296875e+02
1.186805877685546875e+02
1.490526275634765625e+02
9.525219726562500000e+01
1.377744445800781250e+02
1.733320007324218750e+02
1.105272140502929688e+02
1.118656158447265625e+02
1.452053527832031250e+02
9.344326782226562500e+01
1.268391723632812500e+02
1.612772064208984375e+02
1.044383163452148438e+02
1.136036834716796875e+02
1.366815490722656250e+02
8.916007232666015625e+01
1.310791015625000000e+02
1.557718048095703125e+02
9.831033325195312500e+01
1.270610504150390625e+02
1.585819396972656250e+02
9.989635467529296875e+01
1.215373229980468750e+02
1.494870910644531250e+02
9.652706909179687500e+01
1.292047882080078125e+02
1.624439849853515625e+02
1.006021347045898438e+02
1.246253128051757812e+02
1.570421905517578125e+02
1.009899749755859375e+02
1.258400573730468750e+02
1.592076721191406250e+02
9.919197082519531250e+01
1.235004272460937500e+02
1.579344787597656250e+02
1.019525451660156250e+02
1.223634643554687500e+02
1.540427246093750000e+02
9.803608703613281250e+01
1.148118286132812500e+02
1.473696899414062500e+02
9.805615234375000000e+01
1.208028259277343750e+02
1.527363586425781250e+02
9.757357788085937500e+01
1.111097640991210938e+02
1.437555541992187500e+02
9.521180725097656250e+01
1.149210357666015625e+02
1.455938568115234375e+02
9.309454345703125000e+01
1.127503509521484375e+02
1.436472778320312500e+02
9.584555053710937500e+01
1.105423431396484375e+02
1.398551635742187500e+02
9.133094024658203125e+01
1.115209655761718750e+02
1.414842224121093750e+02
9.313234710693359375e+01
1.107971343994140625e+02
1.408581848144531250e+02
9.099677276611328125e+01
1.200274124145507812e+02
1.514128417968750000e+02
9.493772888183593750e+01
1.188923187255859375e+02
1.517579650878906250e+02
9.682218933105468750e+01
1.213339538574218750e+02
1.603694458007812500e+02
1.010094757080078125e+02
1.318128662109375000e+02
1.816269378662109375e+02
1.142056732177734375e+02
1.291335144042968750e+02
1.714678497314453125e+02
1.107651672363281250e+02
1.328871765136718750e+02
1.755195007324218750e+02
1.117092666625976562e+02
1.290748291015625000e+02
1.733614196777343750e+02
1.174145660400390625e+02
1.129941558837890625e+02
1.505963134765625000e+02
9.768756866455078125e+01
1.144838714599609375e+02
1.453800201416015625e+02
9.538073730468750000e+01
1.126911163330078125e+02
1.466420288085937500e+02
9.668334197998046875e+01
1.103552780151367188e+02
1.386905822753906250e+02
9.255281829833984375e+01
1.099878845214843750e+02
1.276337127685546875e+02
8.525619506835937500e+01
1.274841461181640625e+02
1.610562438964843750e+02
1.057005615234375000e+02
1.021965942382812500e+02
1.254605407714843750e+02
8.354348754882812500e+01
1.219683837890625000e+02
1.491007385253906250e+02
9.684988403320312500e+01
1.236953582763671875e+02
1.567037963867187500e+02
1.001383666992187500e+02
1.080350189208984375e+02
1.343625793457031250e+02
8.820893859863281250e+01
1.226407318115234375e+02
1.526179351806640625e+02
9.720071411132812500e+01
1.218984756469726562e+02
1.526955566406250000e+02
9.653904724121093750e+01
1.153105621337890625e+02
1.465672912597656250e+02
9.394966125488281250e+01
1.258394165039062500e+02
1.580445861816406250e+02
9.839574432373046875e+01
1.169513244628906250e+02
1.493851623535156250e+02
9.546362304687500000e+01
1.157201690673828125e+02
1.476046447753906250e+02
9.516899108886718750e+01
1.142352447509765625e+02
1.451058959960937500e+02
9.339676666259765625e+01
1.159428710937500000e+02
1.473600158691406250e+02
9.394927978515625000e+01
1.102545013427734375e+02
1.416616821289062500e+02
9.183229827880859375e+01
1.146845550537109375e+02
1.467765502929687500e+02
9.378025817871093750e+01
1.046909103393554688e+02
1.346986999511718750e+02
8.864290618896484375e+01
1.120585784912109375e+02
1.410174560546875000e+02
9.189501953125000000e+01
1.030944976806640625e+02
1.257053680419921875e+02
8.285700225830078125e+01
1.222992401123046875e+02
1.449498748779296875e+02
9.146309661865234375e+01
1.083995056152343750e+02
1.384228363037109375e+02
9.029763031005859375e+01
1.142601394653320312e+02
1.515248565673828125e+02
9.710053253173828125e+01
1.270155029296875000e+02
1.671400756835937500e+02
1.045050888061523438e+02
1.340664062500000000e+02
1.720798339843750000e+02
1.094020080566406250e+02
1.409775390625000000e+02
1.807832794189453125e+02
1.102744522094726562e+02
1.475458984375000000e+02
1.943586883544921875e+02
1.255133819580078125e+02
1.341103515625000000e+02
1.824137420654296875e+02
1.138805541992187500e+02
1.235086288452148438e+02
1.653883361816406250e+02
1.060686645507812500e+02
1.079553451538085938e+02
1.439697265625000000e+02
9.718235778808593750e+01
1.049821777343750000e+02
1.327094879150390625e+02
8.783450317382812500e+01
1.094139480590820312e+02
1.343034820556640625e+02
8.749780273437500000e+01
1.172810287475585938e+02
1.441514587402343750e+02
9.227349853515625000e+01
1.130792388916015625e+02
1.353085327148437500e+02
8.757998657226562500e+01
1.239664764404296875e+02
1.479984741210937500e+02
9.147549438476562500e+01
1.298338928222656250e+02
1.554579010009765625e+02
9.821536254882812500e+01
1.212675476074218750e+02
1.446493682861328125e+02
9.026021575927734375e+01
1.350701599121093750e+02
1.579935455322265625e+02
9.415852355957031250e+01
1.378032531738281250e+02
1.722891235351562500e+02
1.051485671997070312e+02
1.306149902343750000e+02
1.761490173339843750e+02
1.062100448608398438e+02
1.445437622070312500e+02
1.923793945312500000e+02
1.154127044677734375e+02
1.528825378417968750e+02
2.087548065185546875e+02
1.235330963134765625e+02
1.489376220703125000e+02
2.062491302490234375e+02
1.318627014160156250e+02
1.191319427490234375e+02
1.636958007812500000e+02
1.071890411376953125e+02
1.234400329589843750e+02
1.665928649902343750e+02
1.133039398193359375e+02
1.130094909667968750e+02
1.496633300781250000e+02
1.043661117553710938e+02
1.091556243896484375e+02
1.427604675292968750e+02
9.531494140625000000e+01
1.045000534057617188e+02
1.300411987304687500e+02
8.380093383789062500e+01
1.157431793212890625e+02
1.484582672119140625e+02
9.936156463623046875e+01
9.767961120605468750e+01
1.253697662353515625e+02
8.384303283691406250e+01
1.077878723144531250e+02
1.343650817871093750e+02
8.808435058593750000e+01
1.042354354858398438e+02
1.337836608886718750e+02
8.770768737792968750e+01
9.864743804931640625e+01
1.256931991577148438e+02
8.401187896728515625e+01
1.009974288940429688e+02
1.292651214599609375e+02
8.578050231933593750e+01
9.548451232910156250e+01
1.216387710571289062e+02
8.187390136718750000e+01
9.948559570312500000e+01
1.250607299804687500e+02
8.294876098632812500e+01
9.694009399414062500e+01
1.227075347900390625e+02
8.227239990234375000e+01
9.941860198974609375e+01
1.244854736328125000e+02
8.205702209472656250e+01
